year,month,tmin,tmin
1979,1,1,1
1979,1,2,2
1979,1,3,3
1979,1,4,4
1979,1,5,5
1979,1,6,6
1979,1,7,7
1979,1,8,8
1979,1,9,9
1979,1,10,10
1979,1,11,11
1979,1,12,12
1979,1,13,13
1979,1,14,14
1979,1,15,15
1979,1,16,16
1979,1,17,17
1979,1,18,18
1979,1,19,19
1979,1,20,20
1979,1,21,21
1979,1,22,22
1979,1,23,23
1979,1,24,24
1979,1,25,25
1979,1,26,26
1979,1,27,27
1979,1,28,28
1979,1,29,29
1979,1,30,30
1979,1,31,31
1979,2,1,1
1979,2,2,2
1979,2,3,3
1979,2,4,4
1979,2,5,5
1979,2,6,6
1979,2,7,7
1979,2,8,8
1979,2,9,9
1979,2,10,10
1979,2,11,11
1979,2,12,12
1979,2,13,13
1979,2,14,14
1979,2,15,15
1979,2,16,16
1979,2,17,17
1979,2,18,18
1979,2,19,19
1979,2,20,20
1979,2,21,21
1979,2,22,22
1979,2,23,23
1979,2,24,24
1979,2,25,25
1979,2,26,26
1979,2,27,27
1979,2,28,28
1979,3,1,1
1979,3,2,2
1979,3,3,3
1979,3,4,4
1979,3,5,5
1979,3,6,6
1979,3,7,7
1979,3,8,8
1979,3,9,9
1979,3,10,10
1979,3,11,11
1979,3,12,12
1979,3,13,13
1979,3,14,14
1979,3,15,15
1979,3,16,16
1979,3,17,17
1979,3,18,18
1979,3,19,19
1979,3,20,20
1979,3,21,21
1979,3,22,22
1979,3,23,23
1979,3,24,24
1979,3,25,25
1979,3,26,26
1979,3,27,27
1979,3,28,28
1979,3,29,29
1979,3,30,30
1979,3,31,31
1979,4,1,1
1979,4,2,2
1979,4,3,3
1979,4,4,4
1979,4,5,5
1979,4,6,6
1979,4,7,7
1979,4,8,8
1979,4,9,9
1979,4,10,10
1979,4,11,11
1979,4,12,12
1979,4,13,13
1979,4,14,14
1979,4,15,15
1979,4,16,16
1979,4,17,17
1979,4,18,18
1979,4,19,19
1979,4,20,20
1979,4,21,21
1979,4,22,22
1979,4,23,23
1979,4,24,24
1979,4,25,25
1979,4,26,26
1979,4,27,27
1979,4,28,28
1979,4,29,29
1979,4,30,30
1979,5,1,1
1979,5,2,2
1979,5,3,3
1979,5,4,4
1979,5,5,5
1979,5,6,6
1979,5,7,7
1979,5,8,8
1979,5,9,9
1979,5,10,10
1979,5,11,11
1979,5,12,12
1979,5,13,13
1979,5,14,14
1979,5,15,15
1979,5,16,16
1979,5,17,17
1979,5,18,18
1979,5,19,19
1979,5,20,20
1979,5,21,21
1979,5,22,22
1979,5,23,23
1979,5,24,24
1979,5,25,25
1979,5,26,26
1979,5,27,27
1979,5,28,28
1979,5,29,29
1979,5,30,30
1979,5,31,31
1979,6,1,1
1979,6,2,2
1979,6,3,3
1979,6,4,4
1979,6,5,5
1979,6,6,6
1979,6,7,7
1979,6,8,8
1979,6,9,9
1979,6,10,10
1979,6,11,11
1979,6,12,12
1979,6,13,13
1979,6,14,14
1979,6,15,15
1979,6,16,16
1979,6,17,17
1979,6,18,18
1979,6,19,19
1979,6,20,20
1979,6,21,21
1979,6,22,22
1979,6,23,23
1979,6,24,24
1979,6,25,25
1979,6,26,26
1979,6,27,27
1979,6,28,28
1979,6,29,29
1979,6,30,30
1979,7,1,1
1979,7,2,2
1979,7,3,3
1979,7,4,4
1979,7,5,5
1979,7,6,6
1979,7,7,7
1979,7,8,8
1979,7,9,9
1979,7,10,10
1979,7,11,11
1979,7,12,12
1979,7,13,13
1979,7,14,14
1979,7,15,15
1979,7,16,16
1979,7,17,17
1979,7,18,18
1979,7,19,19
1979,7,20,20
1979,7,21,21
1979,7,22,22
1979,7,23,23
1979,7,24,24
1979,7,25,25
1979,7,26,26
1979,7,27,27
1979,7,28,28
1979,7,29,29
1979,7,30,30
1979,7,31,31
1979,8,1,1
1979,8,2,2
1979,8,3,3
1979,8,4,4
1979,8,5,5
1979,8,6,6
1979,8,7,7
1979,8,8,8
1979,8,9,9
1979,8,10,10
1979,8,11,11
1979,8,12,12
1979,8,13,13
1979,8,14,14
1979,8,15,15
1979,8,16,16
1979,8,17,17
1979,8,18,18
1979,8,19,19
1979,8,20,20
1979,8,21,21
1979,8,22,22
1979,8,23,23
1979,8,24,24
1979,8,25,25
1979,8,26,26
1979,8,27,27
1979,8,28,28
1979,8,29,29
1979,8,30,30
1979,8,31,31
1979,9,1,1
1979,9,2,2
1979,9,3,3
1979,9,4,4
1979,9,5,5
1979,9,6,6
1979,9,7,7
1979,9,8,8
1979,9,9,9
1979,9,10,10
1979,9,11,11
1979,9,12,12
1979,9,13,13
1979,9,14,14
1979,9,15,15
1979,9,16,16
1979,9,17,17
1979,9,18,18
1979,9,19,19
1979,9,20,20
1979,9,21,21
1979,9,22,22
1979,9,23,23
1979,9,24,24
1979,9,25,25
1979,9,26,26
1979,9,27,27
1979,9,28,28
1979,9,29,29
1979,9,30,30
1979,10,1,1
1979,10,2,2
1979,10,3,3
1979,10,4,4
1979,10,5,5
1979,10,6,6
1979,10,7,7
1979,10,8,8
1979,10,9,9
1979,10,10,10
1979,10,11,11
1979,10,12,12
1979,10,13,13
1979,10,14,14
1979,10,15,15
1979,10,16,16
1979,10,17,17
1979,10,18,18
1979,10,19,19
1979,10,20,20
1979,10,21,21
1979,10,22,22
1979,10,23,23
1979,10,24,24
1979,10,25,25
1979,10,26,26
1979,10,27,27
1979,10,28,28
1979,10,29,29
1979,10,30,30
1979,10,31,31
1979,11,1,1
1979,11,2,2
1979,11,3,3
1979,11,4,4
1979,11,5,5
1979,11,6,6
1979,11,7,7
1979,11,8,8
1979,11,9,9
1979,11,10,10
1979,11,11,11
1979,11,12,12
1979,11,13,13
1979,11,14,14
1979,11,15,15
1979,11,16,16
1979,11,17,17
1979,11,18,18
1979,11,19,19
1979,11,20,20
1979,11,21,21
1979,11,22,22
1979,11,23,23
1979,11,24,24
1979,11,25,25
1979,11,26,26
1979,11,27,27
1979,11,28,28
1979,11,29,29
1979,11,30,30
1979,12,1,1
1979,12,2,2
1979,12,3,3
1979,12,4,4
1979,12,5,5
1979,12,6,6
1979,12,7,7
1979,12,8,8
1979,12,9,9
1979,12,10,10
1979,12,11,11
1979,12,12,12
1979,12,13,13
1979,12,14,14
1979,12,15,15
1979,12,16,16
1979,12,17,17
1979,12,18,18
1979,12,19,19
1979,12,20,20
1979,12,21,21
1979,12,22,22
1979,12,23,23
1979,12,24,24
1979,12,25,25
1979,12,26,26
1979,12,27,27
1979,12,28,28
1979,12,29,29
1979,12,30,30
1979,12,31,31
1980,1,1,1
1980,1,2,2
1980,1,3,3
1980,1,4,4
1980,1,5,5
1980,1,6,6
1980,1,7,7
1980,1,8,8
1980,1,9,9
1980,1,10,10
1980,1,11,11
1980,1,12,12
1980,1,13,13
1980,1,14,14
1980,1,15,15
1980,1,16,16
1980,1,17,17
1980,1,18,18
1980,1,19,19
1980,1,20,20
1980,1,21,21
1980,1,22,22
1980,1,23,23
1980,1,24,24
1980,1,25,25
1980,1,26,26
1980,1,27,27
1980,1,28,28
1980,1,29,29
1980,1,30,30
1980,1,31,31
1980,2,1,1
1980,2,2,2
1980,2,3,3
1980,2,4,4
1980,2,5,5
1980,2,6,6
1980,2,7,7
1980,2,8,8
1980,2,9,9
1980,2,10,10
1980,2,11,11
1980,2,12,12
1980,2,13,13
1980,2,14,14
1980,2,15,15
1980,2,16,16
1980,2,17,17
1980,2,18,18
1980,2,19,19
1980,2,20,20
1980,2,21,21
1980,2,22,22
1980,2,23,23
1980,2,24,24
1980,2,25,25
1980,2,26,26
1980,2,27,27
1980,2,28,28
1980,2,29,29
1980,3,1,1
1980,3,2,2
1980,3,3,3
1980,3,4,4
1980,3,5,5
1980,3,6,6
1980,3,7,7
1980,3,8,8
1980,3,9,9
1980,3,10,10
1980,3,11,11
1980,3,12,12
1980,3,13,13
1980,3,14,14
1980,3,15,15
1980,3,16,16
1980,3,17,17
1980,3,18,18
1980,3,19,19
1980,3,20,20
1980,3,21,21
1980,3,22,22
1980,3,23,23
1980,3,24,24
1980,3,25,25
1980,3,26,26
1980,3,27,27
1980,3,28,28
1980,3,29,29
1980,3,30,30
1980,3,31,31
1980,4,1,1
1980,4,2,2
1980,4,3,3
1980,4,4,4
1980,4,5,5
1980,4,6,6
1980,4,7,7
1980,4,8,8
1980,4,9,9
1980,4,10,10
1980,4,11,11
1980,4,12,12
1980,4,13,13
1980,4,14,14
1980,4,15,15
1980,4,16,16
1980,4,17,17
1980,4,18,18
1980,4,19,19
1980,4,20,20
1980,4,21,21
1980,4,22,22
1980,4,23,23
1980,4,24,24
1980,4,25,25
1980,4,26,26
1980,4,27,27
1980,4,28,28
1980,4,29,29
1980,4,30,30
1980,5,1,1
1980,5,2,2
1980,5,3,3
1980,5,4,4
1980,5,5,5
1980,5,6,6
1980,5,7,7
1980,5,8,8
1980,5,9,9
1980,5,10,10
1980,5,11,11
1980,5,12,12
1980,5,13,13
1980,5,14,14
1980,5,15,15
1980,5,16,16
1980,5,17,17
1980,5,18,18
1980,5,19,19
1980,5,20,20
1980,5,21,21
1980,5,22,22
1980,5,23,23
1980,5,24,24
1980,5,25,25
1980,5,26,26
1980,5,27,27
1980,5,28,28
1980,5,29,29
1980,5,30,30
1980,5,31,31
1980,6,1,1
1980,6,2,2
1980,6,3,3
1980,6,4,4
1980,6,5,5
1980,6,6,6
1980,6,7,7
1980,6,8,8
1980,6,9,9
1980,6,10,10
1980,6,11,11
1980,6,12,12
1980,6,13,13
1980,6,14,14
1980,6,15,15
1980,6,16,16
1980,6,17,17
1980,6,18,18
1980,6,19,19
1980,6,20,20
1980,6,21,21
1980,6,22,22
1980,6,23,23
1980,6,24,24
1980,6,25,25
1980,6,26,26
1980,6,27,27
1980,6,28,28
1980,6,29,29
1980,6,30,30
1980,7,1,1
1980,7,2,2
1980,7,3,3
1980,7,4,4
1980,7,5,5
1980,7,6,6
1980,7,7,7
1980,7,8,8
1980,7,9,9
1980,7,10,10
1980,7,11,11
1980,7,12,12
1980,7,13,13
1980,7,14,14
1980,7,15,15
1980,7,16,16
1980,7,17,17
1980,7,18,18
1980,7,19,19
1980,7,20,20
1980,7,21,21
1980,7,22,22
1980,7,23,23
1980,7,24,24
1980,7,25,25
1980,7,26,26
1980,7,27,27
1980,7,28,28
1980,7,29,29
1980,7,30,30
1980,7,31,31
1980,8,1,1
1980,8,2,2
1980,8,3,3
1980,8,4,4
1980,8,5,5
1980,8,6,6
1980,8,7,7
1980,8,8,8
1980,8,9,9
1980,8,10,10
1980,8,11,11
1980,8,12,12
1980,8,13,13
1980,8,14,14
1980,8,15,15
1980,8,16,16
1980,8,17,17
1980,8,18,18
1980,8,19,19
1980,8,20,20
1980,8,21,21
1980,8,22,22
1980,8,23,23
1980,8,24,24
1980,8,25,25
1980,8,26,26
1980,8,27,27
1980,8,28,28
1980,8,29,29
1980,8,30,30
1980,8,31,31
1980,9,1,1
1980,9,2,2
1980,9,3,3
1980,9,4,4
1980,9,5,5
1980,9,6,6
1980,9,7,7
1980,9,8,8
1980,9,9,9
1980,9,10,10
1980,9,11,11
1980,9,12,12
1980,9,13,13
1980,9,14,14
1980,9,15,15
1980,9,16,16
1980,9,17,17
1980,9,18,18
1980,9,19,19
1980,9,20,20
1980,9,21,21
1980,9,22,22
1980,9,23,23
1980,9,24,24
1980,9,25,25
1980,9,26,26
1980,9,27,27
1980,9,28,28
1980,9,29,29
1980,9,30,30
1980,10,1,1
1980,10,2,2
1980,10,3,3
1980,10,4,4
1980,10,5,5
1980,10,6,6
1980,10,7,7
1980,10,8,8
1980,10,9,9
1980,10,10,10
1980,10,11,11
1980,10,12,12
1980,10,13,13
1980,10,14,14
1980,10,15,15
1980,10,16,16
1980,10,17,17
1980,10,18,18
1980,10,19,19
1980,10,20,20
1980,10,21,21
1980,10,22,22
1980,10,23,23
1980,10,24,24
1980,10,25,25
1980,10,26,26
1980,10,27,27
1980,10,28,28
1980,10,29,29
1980,10,30,30
1980,10,31,31
1980,11,1,1
1980,11,2,2
1980,11,3,3
1980,11,4,4
1980,11,5,5
1980,11,6,6
1980,11,7,7
1980,11,8,8
1980,11,9,9
1980,11,10,10
1980,11,11,11
1980,11,12,12
1980,11,13,13
1980,11,14,14
1980,11,15,15
1980,11,16,16
1980,11,17,17
1980,11,18,18
1980,11,19,19
1980,11,20,20
1980,11,21,21
1980,11,22,22
1980,11,23,23
1980,11,24,24
1980,11,25,25
1980,11,26,26
1980,11,27,27
1980,11,28,28
1980,11,29,29
1980,11,30,30
1980,12,1,1
1980,12,2,2
1980,12,3,3
1980,12,4,4
1980,12,5,5
1980,12,6,6
1980,12,7,7
1980,12,8,8
1980,12,9,9
1980,12,10,10
1980,12,11,11
1980,12,12,12
1980,12,13,13
1980,12,14,14
1980,12,15,15
1980,12,16,16
1980,12,17,17
1980,12,18,18
1980,12,19,19
1980,12,20,20
1980,12,21,21
1980,12,22,22
1980,12,23,23
1980,12,24,24
1980,12,25,25
1980,12,26,26
1980,12,27,27
1980,12,28,28
1980,12,29,29
1980,12,30,30
1980,12,31,31
1981,1,1,1
1981,1,2,2
1981,1,3,3
1981,1,4,4
1981,1,5,5
1981,1,6,6
1981,1,7,7
1981,1,8,8
1981,1,9,9
1981,1,10,10
1981,1,11,11
1981,1,12,12
1981,1,13,13
1981,1,14,14
1981,1,15,15
1981,1,16,16
1981,1,17,17
1981,1,18,18
1981,1,19,19
1981,1,20,20
1981,1,21,21
1981,1,22,22
1981,1,23,23
1981,1,24,24
1981,1,25,25
1981,1,26,26
1981,1,27,27
1981,1,28,28
1981,1,29,29
1981,1,30,30
1981,1,31,31
1981,2,1,1
1981,2,2,2
1981,2,3,3
1981,2,4,4
1981,2,5,5
1981,2,6,6
1981,2,7,7
1981,2,8,8
1981,2,9,9
1981,2,10,10
1981,2,11,11
1981,2,12,12
1981,2,13,13
1981,2,14,14
1981,2,15,15
1981,2,16,16
1981,2,17,17
1981,2,18,18
1981,2,19,19
1981,2,20,20
1981,2,21,21
1981,2,22,22
1981,2,23,23
1981,2,24,24
1981,2,25,25
1981,2,26,26
1981,2,27,27
1981,2,28,28
1981,3,1,1
1981,3,2,2
1981,3,3,3
1981,3,4,4
1981,3,5,5
1981,3,6,6
1981,3,7,7
1981,3,8,8
1981,3,9,9
1981,3,10,10
1981,3,11,11
1981,3,12,12
1981,3,13,13
1981,3,14,14
1981,3,15,15
1981,3,16,16
1981,3,17,17
1981,3,18,18
1981,3,19,19
1981,3,20,20
1981,3,21,21
1981,3,22,22
1981,3,23,23
1981,3,24,24
1981,3,25,25
1981,3,26,26
1981,3,27,27
1981,3,28,28
1981,3,29,29
1981,3,30,30
1981,3,31,31
1981,4,1,1
1981,4,2,2
1981,4,3,3
1981,4,4,4
1981,4,5,5
1981,4,6,6
1981,4,7,7
1981,4,8,8
1981,4,9,9
1981,4,10,10
1981,4,11,11
1981,4,12,12
1981,4,13,13
1981,4,14,14
1981,4,15,15
1981,4,16,16
1981,4,17,17
1981,4,18,18
1981,4,19,19
1981,4,20,20
1981,4,21,21
1981,4,22,22
1981,4,23,23
1981,4,24,24
1981,4,25,25
1981,4,26,26
1981,4,27,27
1981,4,28,28
1981,4,29,29
1981,4,30,30
1981,5,1,1
1981,5,2,2
1981,5,3,3
1981,5,4,4
1981,5,5,5
1981,5,6,6
1981,5,7,7
1981,5,8,8
1981,5,9,9
1981,5,10,10
1981,5,11,11
1981,5,12,12
1981,5,13,13
1981,5,14,14
1981,5,15,15
1981,5,16,16
1981,5,17,17
1981,5,18,18
1981,5,19,19
1981,5,20,20
1981,5,21,21
1981,5,22,22
1981,5,23,23
1981,5,24,24
1981,5,25,25
1981,5,26,26
1981,5,27,27
1981,5,28,28
1981,5,29,29
1981,5,30,30
1981,5,31,31
1981,6,1,1
1981,6,2,2
1981,6,3,3
1981,6,4,4
1981,6,5,5
1981,6,6,6
1981,6,7,7
1981,6,8,8
1981,6,9,9
1981,6,10,10
1981,6,11,11
1981,6,12,12
1981,6,13,13
1981,6,14,14
1981,6,15,15
1981,6,16,16
1981,6,17,17
1981,6,18,18
1981,6,19,19
1981,6,20,20
1981,6,21,21
1981,6,22,22
1981,6,23,23
1981,6,24,24
1981,6,25,25
1981,6,26,26
1981,6,27,27
1981,6,28,28
1981,6,29,29
1981,6,30,30
1981,7,1,1
1981,7,2,2
1981,7,3,3
1981,7,4,4
1981,7,5,5
1981,7,6,6
1981,7,7,7
1981,7,8,8
1981,7,9,9
1981,7,10,10
1981,7,11,11
1981,7,12,12
1981,7,13,13
1981,7,14,14
1981,7,15,15
1981,7,16,16
1981,7,17,17
1981,7,18,18
1981,7,19,19
1981,7,20,20
1981,7,21,21
1981,7,22,22
1981,7,23,23
1981,7,24,24
1981,7,25,25
1981,7,26,26
1981,7,27,27
1981,7,28,28
1981,7,29,29
1981,7,30,30
1981,7,31,31
1981,8,1,1
1981,8,2,2
1981,8,3,3
1981,8,4,4
1981,8,5,5
1981,8,6,6
1981,8,7,7
1981,8,8,8
1981,8,9,9
1981,8,10,10
1981,8,11,11
1981,8,12,12
1981,8,13,13
1981,8,14,14
1981,8,15,15
1981,8,16,16
1981,8,17,17
1981,8,18,18
1981,8,19,19
1981,8,20,20
1981,8,21,21
1981,8,22,22
1981,8,23,23
1981,8,24,24
1981,8,25,25
1981,8,26,26
1981,8,27,27
1981,8,28,28
1981,8,29,29
1981,8,30,30
1981,8,31,31
1981,9,1,1
1981,9,2,2
1981,9,3,3
1981,9,4,4
1981,9,5,5
1981,9,6,6
1981,9,7,7
1981,9,8,8
1981,9,9,9
1981,9,10,10
1981,9,11,11
1981,9,12,12
1981,9,13,13
1981,9,14,14
1981,9,15,15
1981,9,16,16
1981,9,17,17
1981,9,18,18
1981,9,19,19
1981,9,20,20
1981,9,21,21
1981,9,22,22
1981,9,23,23
1981,9,24,24
1981,9,25,25
1981,9,26,26
1981,9,27,27
1981,9,28,28
1981,9,29,29
1981,9,30,30
1981,10,1,1
1981,10,2,2
1981,10,3,3
1981,10,4,4
1981,10,5,5
1981,10,6,6
1981,10,7,7
1981,10,8,8
1981,10,9,9
1981,10,10,10
1981,10,11,11
1981,10,12,12
1981,10,13,13
1981,10,14,14
1981,10,15,15
1981,10,16,16
1981,10,17,17
1981,10,18,18
1981,10,19,19
1981,10,20,20
1981,10,21,21
1981,10,22,22
1981,10,23,23
1981,10,24,24
1981,10,25,25
1981,10,26,26
1981,10,27,27
1981,10,28,28
1981,10,29,29
1981,10,30,30
1981,10,31,31
1981,11,1,1
1981,11,2,2
1981,11,3,3
1981,11,4,4
1981,11,5,5
1981,11,6,6
1981,11,7,7
1981,11,8,8
1981,11,9,9
1981,11,10,10
1981,11,11,11
1981,11,12,12
1981,11,13,13
1981,11,14,14
1981,11,15,15
1981,11,16,16
1981,11,17,17
1981,11,18,18
1981,11,19,19
1981,11,20,20
1981,11,21,21
1981,11,22,22
1981,11,23,23
1981,11,24,24
1981,11,25,25
1981,11,26,26
1981,11,27,27
1981,11,28,28
1981,11,29,29
1981,11,30,30
1981,12,1,1
1981,12,2,2
1981,12,3,3
1981,12,4,4
1981,12,5,5
1981,12,6,6
1981,12,7,7
1981,12,8,8
1981,12,9,9
1981,12,10,10
1981,12,11,11
1981,12,12,12
1981,12,13,13
1981,12,14,14
1981,12,15,15
1981,12,16,16
1981,12,17,17
1981,12,18,18
1981,12,19,19
1981,12,20,20
1981,12,21,21
1981,12,22,22
1981,12,23,23
1981,12,24,24
1981,12,25,25
1981,12,26,26
1981,12,27,27
1981,12,28,28
1981,12,29,29
1981,12,30,30
1981,12,31,31
1982,1,1,1
1982,1,2,2
1982,1,3,3
1982,1,4,4
1982,1,5,5
1982,1,6,6
1982,1,7,7
1982,1,8,8
1982,1,9,9
1982,1,10,10
1982,1,11,11
1982,1,12,12
1982,1,13,13
1982,1,14,14
1982,1,15,15
1982,1,16,16
1982,1,17,17
1982,1,18,18
1982,1,19,19
1982,1,20,20
1982,1,21,21
1982,1,22,22
1982,1,23,23
1982,1,24,24
1982,1,25,25
1982,1,26,26
1982,1,27,27
1982,1,28,28
1982,1,29,29
1982,1,30,30
1982,1,31,31
1982,2,1,1
1982,2,2,2
1982,2,3,3
1982,2,4,4
1982,2,5,5
1982,2,6,6
1982,2,7,7
1982,2,8,8
1982,2,9,9
1982,2,10,10
1982,2,11,11
1982,2,12,12
1982,2,13,13
1982,2,14,14
1982,2,15,15
1982,2,16,16
1982,2,17,17
1982,2,18,18
1982,2,19,19
1982,2,20,20
1982,2,21,21
1982,2,22,22
1982,2,23,23
1982,2,24,24
1982,2,25,25
1982,2,26,26
1982,2,27,27
1982,2,28,28
1982,3,1,1
1982,3,2,2
1982,3,3,3
1982,3,4,4
1982,3,5,5
1982,3,6,6
1982,3,7,7
1982,3,8,8
1982,3,9,9
1982,3,10,10
1982,3,11,11
1982,3,12,12
1982,3,13,13
1982,3,14,14
1982,3,15,15
1982,3,16,16
1982,3,17,17
1982,3,18,18
1982,3,19,19
1982,3,20,20
1982,3,21,21
1982,3,22,22
1982,3,23,23
1982,3,24,24
1982,3,25,25
1982,3,26,26
1982,3,27,27
1982,3,28,28
1982,3,29,29
1982,3,30,30
1982,3,31,31
1982,4,1,1
1982,4,2,2
1982,4,3,3
1982,4,4,4
1982,4,5,5
1982,4,6,6
1982,4,7,7
1982,4,8,8
1982,4,9,9
1982,4,10,10
1982,4,11,11
1982,4,12,12
1982,4,13,13
1982,4,14,14
1982,4,15,15
1982,4,16,16
1982,4,17,17
1982,4,18,18
1982,4,19,19
1982,4,20,20
1982,4,21,21
1982,4,22,22
1982,4,23,23
1982,4,24,24
1982,4,25,25
1982,4,26,26
1982,4,27,27
1982,4,28,28
1982,4,29,29
1982,4,30,30
1982,5,1,1
1982,5,2,2
1982,5,3,3
1982,5,4,4
1982,5,5,5
1982,5,6,6
1982,5,7,7
1982,5,8,8
1982,5,9,9
1982,5,10,10
1982,5,11,11
1982,5,12,12
1982,5,13,13
1982,5,14,14
1982,5,15,15
1982,5,16,16
1982,5,17,17
1982,5,18,18
1982,5,19,19
1982,5,20,20
1982,5,21,21
1982,5,22,22
1982,5,23,23
1982,5,24,24
1982,5,25,25
1982,5,26,26
1982,5,27,27
1982,5,28,28
1982,5,29,29
1982,5,30,30
1982,5,31,31
1982,6,1,1
1982,6,2,2
1982,6,3,3
1982,6,4,4
1982,6,5,5
1982,6,6,6
1982,6,7,7
1982,6,8,8
1982,6,9,9
1982,6,10,10
1982,6,11,11
1982,6,12,12
1982,6,13,13
1982,6,14,14
1982,6,15,15
1982,6,16,16
1982,6,17,17
1982,6,18,18
1982,6,19,19
1982,6,20,20
1982,6,21,21
1982,6,22,22
1982,6,23,23
1982,6,24,24
1982,6,25,25
1982,6,26,26
1982,6,27,27
1982,6,28,28
1982,6,29,29
1982,6,30,30
1982,7,1,1
1982,7,2,2
1982,7,3,3
1982,7,4,4
1982,7,5,5
1982,7,6,6
1982,7,7,7
1982,7,8,8
1982,7,9,9
1982,7,10,10
1982,7,11,11
1982,7,12,12
1982,7,13,13
1982,7,14,14
1982,7,15,15
1982,7,16,16
1982,7,17,17
1982,7,18,18
1982,7,19,19
1982,7,20,20
1982,7,21,21
1982,7,22,22
1982,7,23,23
1982,7,24,24
1982,7,25,25
1982,7,26,26
1982,7,27,27
1982,7,28,28
1982,7,29,29
1982,7,30,30
1982,7,31,31
1982,8,1,1
1982,8,2,2
1982,8,3,3
1982,8,4,4
1982,8,5,5
1982,8,6,6
1982,8,7,7
1982,8,8,8
1982,8,9,9
1982,8,10,10
1982,8,11,11
1982,8,12,12
1982,8,13,13
1982,8,14,14
1982,8,15,15
1982,8,16,16
1982,8,17,17
1982,8,18,18
1982,8,19,19
1982,8,20,20
1982,8,21,21
1982,8,22,22
1982,8,23,23
1982,8,24,24
1982,8,25,25
1982,8,26,26
1982,8,27,27
1982,8,28,28
1982,8,29,29
1982,8,30,30
1982,8,31,31
1982,9,1,1
1982,9,2,2
1982,9,3,3
1982,9,4,4
1982,9,5,5
1982,9,6,6
1982,9,7,7
1982,9,8,8
1982,9,9,9
1982,9,10,10
1982,9,11,11
1982,9,12,12
1982,9,13,13
1982,9,14,14
1982,9,15,15
1982,9,16,16
1982,9,17,17
1982,9,18,18
1982,9,19,19
1982,9,20,20
1982,9,21,21
1982,9,22,22
1982,9,23,23
1982,9,24,24
1982,9,25,25
1982,9,26,26
1982,9,27,27
1982,9,28,28
1982,9,29,29
1982,9,30,30
1982,10,1,1
1982,10,2,2
1982,10,3,3
1982,10,4,4
1982,10,5,5
1982,10,6,6
1982,10,7,7
1982,10,8,8
1982,10,9,9
1982,10,10,10
1982,10,11,11
1982,10,12,12
1982,10,13,13
1982,10,14,14
1982,10,15,15
1982,10,16,16
1982,10,17,17
1982,10,18,18
1982,10,19,19
1982,10,20,20
1982,10,21,21
1982,10,22,22
1982,10,23,23
1982,10,24,24
1982,10,25,25
1982,10,26,26
1982,10,27,27
1982,10,28,28
1982,10,29,29
1982,10,30,30
1982,10,31,31
1982,11,1,1
1982,11,2,2
1982,11,3,3
1982,11,4,4
1982,11,5,5
1982,11,6,6
1982,11,7,7
1982,11,8,8
1982,11,9,9
1982,11,10,10
1982,11,11,11
1982,11,12,12
1982,11,13,13
1982,11,14,14
1982,11,15,15
1982,11,16,16
1982,11,17,17
1982,11,18,18
1982,11,19,19
1982,11,20,20
1982,11,21,21
1982,11,22,22
1982,11,23,23
1982,11,24,24
1982,11,25,25
1982,11,26,26
1982,11,27,27
1982,11,28,28
1982,11,29,29
1982,11,30,30
1982,12,1,1
1982,12,2,2
1982,12,3,3
1982,12,4,4
1982,12,5,5
1982,12,6,6
1982,12,7,7
1982,12,8,8
1982,12,9,9
1982,12,10,10
1982,12,11,11
1982,12,12,12
1982,12,13,13
1982,12,14,14
1982,12,15,15
1982,12,16,16
1982,12,17,17
1982,12,18,18
1982,12,19,19
1982,12,20,20
1982,12,21,21
1982,12,22,22
1982,12,23,23
1982,12,24,24
1982,12,25,25
1982,12,26,26
1982,12,27,27
1982,12,28,28
1982,12,29,29
1982,12,30,30
1982,12,31,31
1983,1,1,1
1983,1,2,2
1983,1,3,3
1983,1,4,4
1983,1,5,5
1983,1,6,6
1983,1,7,7
1983,1,8,8
1983,1,9,9
1983,1,10,10
1983,1,11,11
1983,1,12,12
1983,1,13,13
1983,1,14,14
1983,1,15,15
1983,1,16,16
1983,1,17,17
1983,1,18,18
1983,1,19,19
1983,1,20,20
1983,1,21,21
1983,1,22,22
1983,1,23,23
1983,1,24,24
1983,1,25,25
1983,1,26,26
1983,1,27,27
1983,1,28,28
1983,1,29,29
1983,1,30,30
1983,1,31,31
1983,2,1,1
1983,2,2,2
1983,2,3,3
1983,2,4,4
1983,2,5,5
1983,2,6,6
1983,2,7,7
1983,2,8,8
1983,2,9,9
1983,2,10,10
1983,2,11,11
1983,2,12,12
1983,2,13,13
1983,2,14,14
1983,2,15,15
1983,2,16,16
1983,2,17,17
1983,2,18,18
1983,2,19,19
1983,2,20,20
1983,2,21,21
1983,2,22,22
1983,2,23,23
1983,2,24,24
1983,2,25,25
1983,2,26,26
1983,2,27,27
1983,2,28,28
1983,3,1,1
1983,3,2,2
1983,3,3,3
1983,3,4,4
1983,3,5,5
1983,3,6,6
1983,3,7,7
1983,3,8,8
1983,3,9,9
1983,3,10,10
1983,3,11,11
1983,3,12,12
1983,3,13,13
1983,3,14,14
1983,3,15,15
1983,3,16,16
1983,3,17,17
1983,3,18,18
1983,3,19,19
1983,3,20,20
1983,3,21,21
1983,3,22,22
1983,3,23,23
1983,3,24,24
1983,3,25,25
1983,3,26,26
1983,3,27,27
1983,3,28,28
1983,3,29,29
1983,3,30,30
1983,3,31,31
1983,4,1,1
1983,4,2,2
1983,4,3,3
1983,4,4,4
1983,4,5,5
1983,4,6,6
1983,4,7,7
1983,4,8,8
1983,4,9,9
1983,4,10,10
1983,4,11,11
1983,4,12,12
1983,4,13,13
1983,4,14,14
1983,4,15,15
1983,4,16,16
1983,4,17,17
1983,4,18,18
1983,4,19,19
1983,4,20,20
1983,4,21,21
1983,4,22,22
1983,4,23,23
1983,4,24,24
1983,4,25,25
1983,4,26,26
1983,4,27,27
1983,4,28,28
1983,4,29,29
1983,4,30,30
1983,5,1,1
1983,5,2,2
1983,5,3,3
1983,5,4,4
1983,5,5,5
1983,5,6,6
1983,5,7,7
1983,5,8,8
1983,5,9,9
1983,5,10,10
1983,5,11,11
1983,5,12,12
1983,5,13,13
1983,5,14,14
1983,5,15,15
1983,5,16,16
1983,5,17,17
1983,5,18,18
1983,5,19,19
1983,5,20,20
1983,5,21,21
1983,5,22,22
1983,5,23,23
1983,5,24,24
1983,5,25,25
1983,5,26,26
1983,5,27,27
1983,5,28,28
1983,5,29,29
1983,5,30,30
1983,5,31,31
1983,6,1,1
1983,6,2,2
1983,6,3,3
1983,6,4,4
1983,6,5,5
1983,6,6,6
1983,6,7,7
1983,6,8,8
1983,6,9,9
1983,6,10,10
1983,6,11,11
1983,6,12,12
1983,6,13,13
1983,6,14,14
1983,6,15,15
1983,6,16,16
1983,6,17,17
1983,6,18,18
1983,6,19,19
1983,6,20,20
1983,6,21,21
1983,6,22,22
1983,6,23,23
1983,6,24,24
1983,6,25,25
1983,6,26,26
1983,6,27,27
1983,6,28,28
1983,6,29,29
1983,6,30,30
1983,7,1,1
1983,7,2,2
1983,7,3,3
1983,7,4,4
1983,7,5,5
1983,7,6,6
1983,7,7,7
1983,7,8,8
1983,7,9,9
1983,7,10,10
1983,7,11,11
1983,7,12,12
1983,7,13,13
1983,7,14,14
1983,7,15,15
1983,7,16,16
1983,7,17,17
1983,7,18,18
1983,7,19,19
1983,7,20,20
1983,7,21,21
1983,7,22,22
1983,7,23,23
1983,7,24,24
1983,7,25,25
1983,7,26,26
1983,7,27,27
1983,7,28,28
1983,7,29,29
1983,7,30,30
1983,7,31,31
1983,8,1,1
1983,8,2,2
1983,8,3,3
1983,8,4,4
1983,8,5,5
1983,8,6,6
1983,8,7,7
1983,8,8,8
1983,8,9,9
1983,8,10,10
1983,8,11,11
1983,8,12,12
1983,8,13,13
1983,8,14,14
1983,8,15,15
1983,8,16,16
1983,8,17,17
1983,8,18,18
1983,8,19,19
1983,8,20,20
1983,8,21,21
1983,8,22,22
1983,8,23,23
1983,8,24,24
1983,8,25,25
1983,8,26,26
1983,8,27,27
1983,8,28,28
1983,8,29,29
1983,8,30,30
1983,8,31,31
1983,9,1,1
1983,9,2,2
1983,9,3,3
1983,9,4,4
1983,9,5,5
1983,9,6,6
1983,9,7,7
1983,9,8,8
1983,9,9,9
1983,9,10,10
1983,9,11,11
1983,9,12,12
1983,9,13,13
1983,9,14,14
1983,9,15,15
1983,9,16,16
1983,9,17,17
1983,9,18,18
1983,9,19,19
1983,9,20,20
1983,9,21,21
1983,9,22,22
1983,9,23,23
1983,9,24,24
1983,9,25,25
1983,9,26,26
1983,9,27,27
1983,9,28,28
1983,9,29,29
1983,9,30,30
1983,10,1,1
1983,10,2,2
1983,10,3,3
1983,10,4,4
1983,10,5,5
1983,10,6,6
1983,10,7,7
1983,10,8,8
1983,10,9,9
1983,10,10,10
1983,10,11,11
1983,10,12,12
1983,10,13,13
1983,10,14,14
1983,10,15,15
1983,10,16,16
1983,10,17,17
1983,10,18,18
1983,10,19,19
1983,10,20,20
1983,10,21,21
1983,10,22,22
1983,10,23,23
1983,10,24,24
1983,10,25,25
1983,10,26,26
1983,10,27,27
1983,10,28,28
1983,10,29,29
1983,10,30,30
1983,10,31,31
1983,11,1,1
1983,11,2,2
1983,11,3,3
1983,11,4,4
1983,11,5,5
1983,11,6,6
1983,11,7,7
1983,11,8,8
1983,11,9,9
1983,11,10,10
1983,11,11,11
1983,11,12,12
1983,11,13,13
1983,11,14,14
1983,11,15,15
1983,11,16,16
1983,11,17,17
1983,11,18,18
1983,11,19,19
1983,11,20,20
1983,11,21,21
1983,11,22,22
1983,11,23,23
1983,11,24,24
1983,11,25,25
1983,11,26,26
1983,11,27,27
1983,11,28,28
1983,11,29,29
1983,11,30,30
1983,12,1,1
1983,12,2,2
1983,12,3,3
1983,12,4,4
1983,12,5,5
1983,12,6,6
1983,12,7,7
1983,12,8,8
1983,12,9,9
1983,12,10,10
1983,12,11,11
1983,12,12,12
1983,12,13,13
1983,12,14,14
1983,12,15,15
1983,12,16,16
1983,12,17,17
1983,12,18,18
1983,12,19,19
1983,12,20,20
1983,12,21,21
1983,12,22,22
1983,12,23,23
1983,12,24,24
1983,12,25,25
1983,12,26,26
1983,12,27,27
1983,12,28,28
1983,12,29,29
1983,12,30,30
1983,12,31,31
1984,1,1,1
1984,1,2,2
1984,1,3,3
1984,1,4,4
1984,1,5,5
1984,1,6,6
1984,1,7,7
1984,1,8,8
1984,1,9,9
1984,1,10,10
1984,1,11,11
1984,1,12,12
1984,1,13,13
1984,1,14,14
1984,1,15,15
1984,1,16,16
1984,1,17,17
1984,1,18,18
1984,1,19,19
1984,1,20,20
1984,1,21,21
1984,1,22,22
1984,1,23,23
1984,1,24,24
1984,1,25,25
1984,1,26,26
1984,1,27,27
1984,1,28,28
1984,1,29,29
1984,1,30,30
1984,1,31,31
1984,2,1,1
1984,2,2,2
1984,2,3,3
1984,2,4,4
1984,2,5,5
1984,2,6,6
1984,2,7,7
1984,2,8,8
1984,2,9,9
1984,2,10,10
1984,2,11,11
1984,2,12,12
1984,2,13,13
1984,2,14,14
1984,2,15,15
1984,2,16,16
1984,2,17,17
1984,2,18,18
1984,2,19,19
1984,2,20,20
1984,2,21,21
1984,2,22,22
1984,2,23,23
1984,2,24,24
1984,2,25,25
1984,2,26,26
1984,2,27,27
1984,2,28,28
1984,2,29,29
1984,3,1,1
1984,3,2,2
1984,3,3,3
1984,3,4,4
1984,3,5,5
1984,3,6,6
1984,3,7,7
1984,3,8,8
1984,3,9,9
1984,3,10,10
1984,3,11,11
1984,3,12,12
1984,3,13,13
1984,3,14,14
1984,3,15,15
1984,3,16,16
1984,3,17,17
1984,3,18,18
1984,3,19,19
1984,3,20,20
1984,3,21,21
1984,3,22,22
1984,3,23,23
1984,3,24,24
1984,3,25,25
1984,3,26,26
1984,3,27,27
1984,3,28,28
1984,3,29,29
1984,3,30,30
1984,3,31,31
1984,4,1,1
1984,4,2,2
1984,4,3,3
1984,4,4,4
1984,4,5,5
1984,4,6,6
1984,4,7,7
1984,4,8,8
1984,4,9,9
1984,4,10,10
1984,4,11,11
1984,4,12,12
1984,4,13,13
1984,4,14,14
1984,4,15,15
1984,4,16,16
1984,4,17,17
1984,4,18,18
1984,4,19,19
1984,4,20,20
1984,4,21,21
1984,4,22,22
1984,4,23,23
1984,4,24,24
1984,4,25,25
1984,4,26,26
1984,4,27,27
1984,4,28,28
1984,4,29,29
1984,4,30,30
1984,5,1,1
1984,5,2,2
1984,5,3,3
1984,5,4,4
1984,5,5,5
1984,5,6,6
1984,5,7,7
1984,5,8,8
1984,5,9,9
1984,5,10,10
1984,5,11,11
1984,5,12,12
1984,5,13,13
1984,5,14,14
1984,5,15,15
1984,5,16,16
1984,5,17,17
1984,5,18,18
1984,5,19,19
1984,5,20,20
1984,5,21,21
1984,5,22,22
1984,5,23,23
1984,5,24,24
1984,5,25,25
1984,5,26,26
1984,5,27,27
1984,5,28,28
1984,5,29,29
1984,5,30,30
1984,5,31,31
1984,6,1,1
1984,6,2,2
1984,6,3,3
1984,6,4,4
1984,6,5,5
1984,6,6,6
1984,6,7,7
1984,6,8,8
1984,6,9,9
1984,6,10,10
1984,6,11,11
1984,6,12,12
1984,6,13,13
1984,6,14,14
1984,6,15,15
1984,6,16,16
1984,6,17,17
1984,6,18,18
1984,6,19,19
1984,6,20,20
1984,6,21,21
1984,6,22,22
1984,6,23,23
1984,6,24,24
1984,6,25,25
1984,6,26,26
1984,6,27,27
1984,6,28,28
1984,6,29,29
1984,6,30,30
1984,7,1,1
1984,7,2,2
1984,7,3,3
1984,7,4,4
1984,7,5,5
1984,7,6,6
1984,7,7,7
1984,7,8,8
1984,7,9,9
1984,7,10,10
1984,7,11,11
1984,7,12,12
1984,7,13,13
1984,7,14,14
1984,7,15,15
1984,7,16,16
1984,7,17,17
1984,7,18,18
1984,7,19,19
1984,7,20,20
1984,7,21,21
1984,7,22,22
1984,7,23,23
1984,7,24,24
1984,7,25,25
1984,7,26,26
1984,7,27,27
1984,7,28,28
1984,7,29,29
1984,7,30,30
1984,7,31,31
1984,8,1,1
1984,8,2,2
1984,8,3,3
1984,8,4,4
1984,8,5,5
1984,8,6,6
1984,8,7,7
1984,8,8,8
1984,8,9,9
1984,8,10,10
1984,8,11,11
1984,8,12,12
1984,8,13,13
1984,8,14,14
1984,8,15,15
1984,8,16,16
1984,8,17,17
1984,8,18,18
1984,8,19,19
1984,8,20,20
1984,8,21,21
1984,8,22,22
1984,8,23,23
1984,8,24,24
1984,8,25,25
1984,8,26,26
1984,8,27,27
1984,8,28,28
1984,8,29,29
1984,8,30,30
1984,8,31,31
1984,9,1,1
1984,9,2,2
1984,9,3,3
1984,9,4,4
1984,9,5,5
1984,9,6,6
1984,9,7,7
1984,9,8,8
1984,9,9,9
1984,9,10,10
1984,9,11,11
1984,9,12,12
1984,9,13,13
1984,9,14,14
1984,9,15,15
1984,9,16,16
1984,9,17,17
1984,9,18,18
1984,9,19,19
1984,9,20,20
1984,9,21,21
1984,9,22,22
1984,9,23,23
1984,9,24,24
1984,9,25,25
1984,9,26,26
1984,9,27,27
1984,9,28,28
1984,9,29,29
1984,9,30,30
1984,10,1,1
1984,10,2,2
1984,10,3,3
1984,10,4,4
1984,10,5,5
1984,10,6,6
1984,10,7,7
1984,10,8,8
1984,10,9,9
1984,10,10,10
1984,10,11,11
1984,10,12,12
1984,10,13,13
1984,10,14,14
1984,10,15,15
1984,10,16,16
1984,10,17,17
1984,10,18,18
1984,10,19,19
1984,10,20,20
1984,10,21,21
1984,10,22,22
1984,10,23,23
1984,10,24,24
1984,10,25,25
1984,10,26,26
1984,10,27,27
1984,10,28,28
1984,10,29,29
1984,10,30,30
1984,10,31,31
1984,11,1,1
1984,11,2,2
1984,11,3,3
1984,11,4,4
1984,11,5,5
1984,11,6,6
1984,11,7,7
1984,11,8,8
1984,11,9,9
1984,11,10,10
1984,11,11,11
1984,11,12,12
1984,11,13,13
1984,11,14,14
1984,11,15,15
1984,11,16,16
1984,11,17,17
1984,11,18,18
1984,11,19,19
1984,11,20,20
1984,11,21,21
1984,11,22,22
1984,11,23,23
1984,11,24,24
1984,11,25,25
1984,11,26,26
1984,11,27,27
1984,11,28,28
1984,11,29,29
1984,11,30,30
1984,12,1,1
1984,12,2,2
1984,12,3,3
1984,12,4,4
1984,12,5,5
1984,12,6,6
1984,12,7,7
1984,12,8,8
1984,12,9,9
1984,12,10,10
1984,12,11,11
1984,12,12,12
1984,12,13,13
1984,12,14,14
1984,12,15,15
1984,12,16,16
1984,12,17,17
1984,12,18,18
1984,12,19,19
1984,12,20,20
1984,12,21,21
1984,12,22,22
1984,12,23,23
1984,12,24,24
1984,12,25,25
1984,12,26,26
1984,12,27,27
1984,12,28,28
1984,12,29,29
1984,12,30,30
1984,12,31,31
1985,1,1,1
1985,1,2,2
1985,1,3,3
1985,1,4,4
1985,1,5,5
1985,1,6,6
1985,1,7,7
1985,1,8,8
1985,1,9,9
1985,1,10,10
1985,1,11,11
1985,1,12,12
1985,1,13,13
1985,1,14,14
1985,1,15,15
1985,1,16,16
1985,1,17,17
1985,1,18,18
1985,1,19,19
1985,1,20,20
1985,1,21,21
1985,1,22,22
1985,1,23,23
1985,1,24,24
1985,1,25,25
1985,1,26,26
1985,1,27,27
1985,1,28,28
1985,1,29,29
1985,1,30,30
1985,1,31,31
1985,2,1,1
1985,2,2,2
1985,2,3,3
1985,2,4,4
1985,2,5,5
1985,2,6,6
1985,2,7,7
1985,2,8,8
1985,2,9,9
1985,2,10,10
1985,2,11,11
1985,2,12,12
1985,2,13,13
1985,2,14,14
1985,2,15,15
1985,2,16,16
1985,2,17,17
1985,2,18,18
1985,2,19,19
1985,2,20,20
1985,2,21,21
1985,2,22,22
1985,2,23,23
1985,2,24,24
1985,2,25,25
1985,2,26,26
1985,2,27,27
1985,2,28,28
1985,3,1,1
1985,3,2,2
1985,3,3,3
1985,3,4,4
1985,3,5,5
1985,3,6,6
1985,3,7,7
1985,3,8,8
1985,3,9,9
1985,3,10,10
1985,3,11,11
1985,3,12,12
1985,3,13,13
1985,3,14,14
1985,3,15,15
1985,3,16,16
1985,3,17,17
1985,3,18,18
1985,3,19,19
1985,3,20,20
1985,3,21,21
1985,3,22,22
1985,3,23,23
1985,3,24,24
1985,3,25,25
1985,3,26,26
1985,3,27,27
1985,3,28,28
1985,3,29,29
1985,3,30,30
1985,3,31,31
1985,4,1,1
1985,4,2,2
1985,4,3,3
1985,4,4,4
1985,4,5,5
1985,4,6,6
1985,4,7,7
1985,4,8,8
1985,4,9,9
1985,4,10,10
1985,4,11,11
1985,4,12,12
1985,4,13,13
1985,4,14,14
1985,4,15,15
1985,4,16,16
1985,4,17,17
1985,4,18,18
1985,4,19,19
1985,4,20,20
1985,4,21,21
1985,4,22,22
1985,4,23,23
1985,4,24,24
1985,4,25,25
1985,4,26,26
1985,4,27,27
1985,4,28,28
1985,4,29,29
1985,4,30,30
1985,5,1,1
1985,5,2,2
1985,5,3,3
1985,5,4,4
1985,5,5,5
1985,5,6,6
1985,5,7,7
1985,5,8,8
1985,5,9,9
1985,5,10,10
1985,5,11,11
1985,5,12,12
1985,5,13,13
1985,5,14,14
1985,5,15,15
1985,5,16,16
1985,5,17,17
1985,5,18,18
1985,5,19,19
1985,5,20,20
1985,5,21,21
1985,5,22,22
1985,5,23,23
1985,5,24,24
1985,5,25,25
1985,5,26,26
1985,5,27,27
1985,5,28,28
1985,5,29,29
1985,5,30,30
1985,5,31,31
1985,6,1,1
1985,6,2,2
1985,6,3,3
1985,6,4,4
1985,6,5,5
1985,6,6,6
1985,6,7,7
1985,6,8,8
1985,6,9,9
1985,6,10,10
1985,6,11,11
1985,6,12,12
1985,6,13,13
1985,6,14,14
1985,6,15,15
1985,6,16,16
1985,6,17,17
1985,6,18,18
1985,6,19,19
1985,6,20,20
1985,6,21,21
1985,6,22,22
1985,6,23,23
1985,6,24,24
1985,6,25,25
1985,6,26,26
1985,6,27,27
1985,6,28,28
1985,6,29,29
1985,6,30,30
1985,7,1,1
1985,7,2,2
1985,7,3,3
1985,7,4,4
1985,7,5,5
1985,7,6,6
1985,7,7,7
1985,7,8,8
1985,7,9,9
1985,7,10,10
1985,7,11,11
1985,7,12,12
1985,7,13,13
1985,7,14,14
1985,7,15,15
1985,7,16,16
1985,7,17,17
1985,7,18,18
1985,7,19,19
1985,7,20,20
1985,7,21,21
1985,7,22,22
1985,7,23,23
1985,7,24,24
1985,7,25,25
1985,7,26,26
1985,7,27,27
1985,7,28,28
1985,7,29,29
1985,7,30,30
1985,7,31,31
1985,8,1,1
1985,8,2,2
1985,8,3,3
1985,8,4,4
1985,8,5,5
1985,8,6,6
1985,8,7,7
1985,8,8,8
1985,8,9,9
1985,8,10,10
1985,8,11,11
1985,8,12,12
1985,8,13,13
1985,8,14,14
1985,8,15,15
1985,8,16,16
1985,8,17,17
1985,8,18,18
1985,8,19,19
1985,8,20,20
1985,8,21,21
1985,8,22,22
1985,8,23,23
1985,8,24,24
1985,8,25,25
1985,8,26,26
1985,8,27,27
1985,8,28,28
1985,8,29,29
1985,8,30,30
1985,8,31,31
1985,9,1,1
1985,9,2,2
1985,9,3,3
1985,9,4,4
1985,9,5,5
1985,9,6,6
1985,9,7,7
1985,9,8,8
1985,9,9,9
1985,9,10,10
1985,9,11,11
1985,9,12,12
1985,9,13,13
1985,9,14,14
1985,9,15,15
1985,9,16,16
1985,9,17,17
1985,9,18,18
1985,9,19,19
1985,9,20,20
1985,9,21,21
1985,9,22,22
1985,9,23,23
1985,9,24,24
1985,9,25,25
1985,9,26,26
1985,9,27,27
1985,9,28,28
1985,9,29,29
1985,9,30,30
1985,10,1,1
1985,10,2,2
1985,10,3,3
1985,10,4,4
1985,10,5,5
1985,10,6,6
1985,10,7,7
1985,10,8,8
1985,10,9,9
1985,10,10,10
1985,10,11,11
1985,10,12,12
1985,10,13,13
1985,10,14,14
1985,10,15,15
1985,10,16,16
1985,10,17,17
1985,10,18,18
1985,10,19,19
1985,10,20,20
1985,10,21,21
1985,10,22,22
1985,10,23,23
1985,10,24,24
1985,10,25,25
1985,10,26,26
1985,10,27,27
1985,10,28,28
1985,10,29,29
1985,10,30,30
1985,10,31,31
1985,11,1,1
1985,11,2,2
1985,11,3,3
1985,11,4,4
1985,11,5,5
1985,11,6,6
1985,11,7,7
1985,11,8,8
1985,11,9,9
1985,11,10,10
1985,11,11,11
1985,11,12,12
1985,11,13,13
1985,11,14,14
1985,11,15,15
1985,11,16,16
1985,11,17,17
1985,11,18,18
1985,11,19,19
1985,11,20,20
1985,11,21,21
1985,11,22,22
1985,11,23,23
1985,11,24,24
1985,11,25,25
1985,11,26,26
1985,11,27,27
1985,11,28,28
1985,11,29,29
1985,11,30,30
1985,12,1,1
1985,12,2,2
1985,12,3,3
1985,12,4,4
1985,12,5,5
1985,12,6,6
1985,12,7,7
1985,12,8,8
1985,12,9,9
1985,12,10,10
1985,12,11,11
1985,12,12,12
1985,12,13,13
1985,12,14,14
1985,12,15,15
1985,12,16,16
1985,12,17,17
1985,12,18,18
1985,12,19,19
1985,12,20,20
1985,12,21,21
1985,12,22,22
1985,12,23,23
1985,12,24,24
1985,12,25,25
1985,12,26,26
1985,12,27,27
1985,12,28,28
1985,12,29,29
1985,12,30,30
1985,12,31,31
1986,1,1,1
1986,1,2,2
1986,1,3,3
1986,1,4,4
1986,1,5,5
1986,1,6,6
1986,1,7,7
1986,1,8,8
1986,1,9,9
1986,1,10,10
1986,1,11,11
1986,1,12,12
1986,1,13,13
1986,1,14,14
1986,1,15,15
1986,1,16,16
1986,1,17,17
1986,1,18,18
1986,1,19,19
1986,1,20,20
1986,1,21,21
1986,1,22,22
1986,1,23,23
1986,1,24,24
1986,1,25,25
1986,1,26,26
1986,1,27,27
1986,1,28,28
1986,1,29,29
1986,1,30,30
1986,1,31,31
1986,2,1,1
1986,2,2,2
1986,2,3,3
1986,2,4,4
1986,2,5,5
1986,2,6,6
1986,2,7,7
1986,2,8,8
1986,2,9,9
1986,2,10,10
1986,2,11,11
1986,2,12,12
1986,2,13,13
1986,2,14,14
1986,2,15,15
1986,2,16,16
1986,2,17,17
1986,2,18,18
1986,2,19,19
1986,2,20,20
1986,2,21,21
1986,2,22,22
1986,2,23,23
1986,2,24,24
1986,2,25,25
1986,2,26,26
1986,2,27,27
1986,2,28,28
1986,3,1,1
1986,3,2,2
1986,3,3,3
1986,3,4,4
1986,3,5,5
1986,3,6,6
1986,3,7,7
1986,3,8,8
1986,3,9,9
1986,3,10,10
1986,3,11,11
1986,3,12,12
1986,3,13,13
1986,3,14,14
1986,3,15,15
1986,3,16,16
1986,3,17,17
1986,3,18,18
1986,3,19,19
1986,3,20,20
1986,3,21,21
1986,3,22,22
1986,3,23,23
1986,3,24,24
1986,3,25,25
1986,3,26,26
1986,3,27,27
1986,3,28,28
1986,3,29,29
1986,3,30,30
1986,3,31,31
1986,4,1,1
1986,4,2,2
1986,4,3,3
1986,4,4,4
1986,4,5,5
1986,4,6,6
1986,4,7,7
1986,4,8,8
1986,4,9,9
1986,4,10,10
1986,4,11,11
1986,4,12,12
1986,4,13,13
1986,4,14,14
1986,4,15,15
1986,4,16,16
1986,4,17,17
1986,4,18,18
1986,4,19,19
1986,4,20,20
1986,4,21,21
1986,4,22,22
1986,4,23,23
1986,4,24,24
1986,4,25,25
1986,4,26,26
1986,4,27,27
1986,4,28,28
1986,4,29,29
1986,4,30,30
1986,5,1,1
1986,5,2,2
1986,5,3,3
1986,5,4,4
1986,5,5,5
1986,5,6,6
1986,5,7,7
1986,5,8,8
1986,5,9,9
1986,5,10,10
1986,5,11,11
1986,5,12,12
1986,5,13,13
1986,5,14,14
1986,5,15,15
1986,5,16,16
1986,5,17,17
1986,5,18,18
1986,5,19,19
1986,5,20,20
1986,5,21,21
1986,5,22,22
1986,5,23,23
1986,5,24,24
1986,5,25,25
1986,5,26,26
1986,5,27,27
1986,5,28,28
1986,5,29,29
1986,5,30,30
1986,5,31,31
1986,6,1,1
1986,6,2,2
1986,6,3,3
1986,6,4,4
1986,6,5,5
1986,6,6,6
1986,6,7,7
1986,6,8,8
1986,6,9,9
1986,6,10,10
1986,6,11,11
1986,6,12,12
1986,6,13,13
1986,6,14,14
1986,6,15,15
1986,6,16,16
1986,6,17,17
1986,6,18,18
1986,6,19,19
1986,6,20,20
1986,6,21,21
1986,6,22,22
1986,6,23,23
1986,6,24,24
1986,6,25,25
1986,6,26,26
1986,6,27,27
1986,6,28,28
1986,6,29,29
1986,6,30,30
1986,7,1,1
1986,7,2,2
1986,7,3,3
1986,7,4,4
1986,7,5,5
1986,7,6,6
1986,7,7,7
1986,7,8,8
1986,7,9,9
1986,7,10,10
1986,7,11,11
1986,7,12,12
1986,7,13,13
1986,7,14,14
1986,7,15,15
1986,7,16,16
1986,7,17,17
1986,7,18,18
1986,7,19,19
1986,7,20,20
1986,7,21,21
1986,7,22,22
1986,7,23,23
1986,7,24,24
1986,7,25,25
1986,7,26,26
1986,7,27,27
1986,7,28,28
1986,7,29,29
1986,7,30,30
1986,7,31,31
1986,8,1,1
1986,8,2,2
1986,8,3,3
1986,8,4,4
1986,8,5,5
1986,8,6,6
1986,8,7,7
1986,8,8,8
1986,8,9,9
1986,8,10,10
1986,8,11,11
1986,8,12,12
1986,8,13,13
1986,8,14,14
1986,8,15,15
1986,8,16,16
1986,8,17,17
1986,8,18,18
1986,8,19,19
1986,8,20,20
1986,8,21,21
1986,8,22,22
1986,8,23,23
1986,8,24,24
1986,8,25,25
1986,8,26,26
1986,8,27,27
1986,8,28,28
1986,8,29,29
1986,8,30,30
1986,8,31,31
1986,9,1,1
1986,9,2,2
1986,9,3,3
1986,9,4,4
1986,9,5,5
1986,9,6,6
1986,9,7,7
1986,9,8,8
1986,9,9,9
1986,9,10,10
1986,9,11,11
1986,9,12,12
1986,9,13,13
1986,9,14,14
1986,9,15,15
1986,9,16,16
1986,9,17,17
1986,9,18,18
1986,9,19,19
1986,9,20,20
1986,9,21,21
1986,9,22,22
1986,9,23,23
1986,9,24,24
1986,9,25,25
1986,9,26,26
1986,9,27,27
1986,9,28,28
1986,9,29,29
1986,9,30,30
1986,10,1,1
1986,10,2,2
1986,10,3,3
1986,10,4,4
1986,10,5,5
1986,10,6,6
1986,10,7,7
1986,10,8,8
1986,10,9,9
1986,10,10,10
1986,10,11,11
1986,10,12,12
1986,10,13,13
1986,10,14,14
1986,10,15,15
1986,10,16,16
1986,10,17,17
1986,10,18,18
1986,10,19,19
1986,10,20,20
1986,10,21,21
1986,10,22,22
1986,10,23,23
1986,10,24,24
1986,10,25,25
1986,10,26,26
1986,10,27,27
1986,10,28,28
1986,10,29,29
1986,10,30,30
1986,10,31,31
1986,11,1,1
1986,11,2,2
1986,11,3,3
1986,11,4,4
1986,11,5,5
1986,11,6,6
1986,11,7,7
1986,11,8,8
1986,11,9,9
1986,11,10,10
1986,11,11,11
1986,11,12,12
1986,11,13,13
1986,11,14,14
1986,11,15,15
1986,11,16,16
1986,11,17,17
1986,11,18,18
1986,11,19,19
1986,11,20,20
1986,11,21,21
1986,11,22,22
1986,11,23,23
1986,11,24,24
1986,11,25,25
1986,11,26,26
1986,11,27,27
1986,11,28,28
1986,11,29,29
1986,11,30,30
1986,12,1,1
1986,12,2,2
1986,12,3,3
1986,12,4,4
1986,12,5,5
1986,12,6,6
1986,12,7,7
1986,12,8,8
1986,12,9,9
1986,12,10,10
1986,12,11,11
1986,12,12,12
1986,12,13,13
1986,12,14,14
1986,12,15,15
1986,12,16,16
1986,12,17,17
1986,12,18,18
1986,12,19,19
1986,12,20,20
1986,12,21,21
1986,12,22,22
1986,12,23,23
1986,12,24,24
1986,12,25,25
1986,12,26,26
1986,12,27,27
1986,12,28,28
1986,12,29,29
1986,12,30,30
1986,12,31,31
1987,1,1,1
1987,1,2,2
1987,1,3,3
1987,1,4,4
1987,1,5,5
1987,1,6,6
1987,1,7,7
1987,1,8,8
1987,1,9,9
1987,1,10,10
1987,1,11,11
1987,1,12,12
1987,1,13,13
1987,1,14,14
1987,1,15,15
1987,1,16,16
1987,1,17,17
1987,1,18,18
1987,1,19,19
1987,1,20,20
1987,1,21,21
1987,1,22,22
1987,1,23,23
1987,1,24,24
1987,1,25,25
1987,1,26,26
1987,1,27,27
1987,1,28,28
1987,1,29,29
1987,1,30,30
1987,1,31,31
1987,2,1,1
1987,2,2,2
1987,2,3,3
1987,2,4,4
1987,2,5,5
1987,2,6,6
1987,2,7,7
1987,2,8,8
1987,2,9,9
1987,2,10,10
1987,2,11,11
1987,2,12,12
1987,2,13,13
1987,2,14,14
1987,2,15,15
1987,2,16,16
1987,2,17,17
1987,2,18,18
1987,2,19,19
1987,2,20,20
1987,2,21,21
1987,2,22,22
1987,2,23,23
1987,2,24,24
1987,2,25,25
1987,2,26,26
1987,2,27,27
1987,2,28,28
1987,3,1,1
1987,3,2,2
1987,3,3,3
1987,3,4,4
1987,3,5,5
1987,3,6,6
1987,3,7,7
1987,3,8,8
1987,3,9,9
1987,3,10,10
1987,3,11,11
1987,3,12,12
1987,3,13,13
1987,3,14,14
1987,3,15,15
1987,3,16,16
1987,3,17,17
1987,3,18,18
1987,3,19,19
1987,3,20,20
1987,3,21,21
1987,3,22,22
1987,3,23,23
1987,3,24,24
1987,3,25,25
1987,3,26,26
1987,3,27,27
1987,3,28,28
1987,3,29,29
1987,3,30,30
1987,3,31,31
1987,4,1,1
1987,4,2,2
1987,4,3,3
1987,4,4,4
1987,4,5,5
1987,4,6,6
1987,4,7,7
1987,4,8,8
1987,4,9,9
1987,4,10,10
1987,4,11,11
1987,4,12,12
1987,4,13,13
1987,4,14,14
1987,4,15,15
1987,4,16,16
1987,4,17,17
1987,4,18,18
1987,4,19,19
1987,4,20,20
1987,4,21,21
1987,4,22,22
1987,4,23,23
1987,4,24,24
1987,4,25,25
1987,4,26,26
1987,4,27,27
1987,4,28,28
1987,4,29,29
1987,4,30,30
1987,5,1,1
1987,5,2,2
1987,5,3,3
1987,5,4,4
1987,5,5,5
1987,5,6,6
1987,5,7,7
1987,5,8,8
1987,5,9,9
1987,5,10,10
1987,5,11,11
1987,5,12,12
1987,5,13,13
1987,5,14,14
1987,5,15,15
1987,5,16,16
1987,5,17,17
1987,5,18,18
1987,5,19,19
1987,5,20,20
1987,5,21,21
1987,5,22,22
1987,5,23,23
1987,5,24,24
1987,5,25,25
1987,5,26,26
1987,5,27,27
1987,5,28,28
1987,5,29,29
1987,5,30,30
1987,5,31,31
1987,6,1,1
1987,6,2,2
1987,6,3,3
1987,6,4,4
1987,6,5,5
1987,6,6,6
1987,6,7,7
1987,6,8,8
1987,6,9,9
1987,6,10,10
1987,6,11,11
1987,6,12,12
1987,6,13,13
1987,6,14,14
1987,6,15,15
1987,6,16,16
1987,6,17,17
1987,6,18,18
1987,6,19,19
1987,6,20,20
1987,6,21,21
1987,6,22,22
1987,6,23,23
1987,6,24,24
1987,6,25,25
1987,6,26,26
1987,6,27,27
1987,6,28,28
1987,6,29,29
1987,6,30,30
1987,7,1,1
1987,7,2,2
1987,7,3,3
1987,7,4,4
1987,7,5,5
1987,7,6,6
1987,7,7,7
1987,7,8,8
1987,7,9,9
1987,7,10,10
1987,7,11,11
1987,7,12,12
1987,7,13,13
1987,7,14,14
1987,7,15,15
1987,7,16,16
1987,7,17,17
1987,7,18,18
1987,7,19,19
1987,7,20,20
1987,7,21,21
1987,7,22,22
1987,7,23,23
1987,7,24,24
1987,7,25,25
1987,7,26,26
1987,7,27,27
1987,7,28,28
1987,7,29,29
1987,7,30,30
1987,7,31,31
1987,8,1,1
1987,8,2,2
1987,8,3,3
1987,8,4,4
1987,8,5,5
1987,8,6,6
1987,8,7,7
1987,8,8,8
1987,8,9,9
1987,8,10,10
1987,8,11,11
1987,8,12,12
1987,8,13,13
1987,8,14,14
1987,8,15,15
1987,8,16,16
1987,8,17,17
1987,8,18,18
1987,8,19,19
1987,8,20,20
1987,8,21,21
1987,8,22,22
1987,8,23,23
1987,8,24,24
1987,8,25,25
1987,8,26,26
1987,8,27,27
1987,8,28,28
1987,8,29,29
1987,8,30,30
1987,8,31,31
1987,9,1,1
1987,9,2,2
1987,9,3,3
1987,9,4,4
1987,9,5,5
1987,9,6,6
1987,9,7,7
1987,9,8,8
1987,9,9,9
1987,9,10,10
1987,9,11,11
1987,9,12,12
1987,9,13,13
1987,9,14,14
1987,9,15,15
1987,9,16,16
1987,9,17,17
1987,9,18,18
1987,9,19,19
1987,9,20,20
1987,9,21,21
1987,9,22,22
1987,9,23,23
1987,9,24,24
1987,9,25,25
1987,9,26,26
1987,9,27,27
1987,9,28,28
1987,9,29,29
1987,9,30,30
1987,10,1,1
1987,10,2,2
1987,10,3,3
1987,10,4,4
1987,10,5,5
1987,10,6,6
1987,10,7,7
1987,10,8,8
1987,10,9,9
1987,10,10,10
1987,10,11,11
1987,10,12,12
1987,10,13,13
1987,10,14,14
1987,10,15,15
1987,10,16,16
1987,10,17,17
1987,10,18,18
1987,10,19,19
1987,10,20,20
1987,10,21,21
1987,10,22,22
1987,10,23,23
1987,10,24,24
1987,10,25,25
1987,10,26,26
1987,10,27,27
1987,10,28,28
1987,10,29,29
1987,10,30,30
1987,10,31,31
1987,11,1,1
1987,11,2,2
1987,11,3,3
1987,11,4,4
1987,11,5,5
1987,11,6,6
1987,11,7,7
1987,11,8,8
1987,11,9,9
1987,11,10,10
1987,11,11,11
1987,11,12,12
1987,11,13,13
1987,11,14,14
1987,11,15,15
1987,11,16,16
1987,11,17,17
1987,11,18,18
1987,11,19,19
1987,11,20,20
1987,11,21,21
1987,11,22,22
1987,11,23,23
1987,11,24,24
1987,11,25,25
1987,11,26,26
1987,11,27,27
1987,11,28,28
1987,11,29,29
1987,11,30,30
1987,12,1,1
1987,12,2,2
1987,12,3,3
1987,12,4,4
1987,12,5,5
1987,12,6,6
1987,12,7,7
1987,12,8,8
1987,12,9,9
1987,12,10,10
1987,12,11,11
1987,12,12,12
1987,12,13,13
1987,12,14,14
1987,12,15,15
1987,12,16,16
1987,12,17,17
1987,12,18,18
1987,12,19,19
1987,12,20,20
1987,12,21,21
1987,12,22,22
1987,12,23,23
1987,12,24,24
1987,12,25,25
1987,12,26,26
1987,12,27,27
1987,12,28,28
1987,12,29,29
1987,12,30,30
1987,12,31,31
1988,1,1,1
1988,1,2,2
1988,1,3,3
1988,1,4,4
1988,1,5,5
1988,1,6,6
1988,1,7,7
1988,1,8,8
1988,1,9,9
1988,1,10,10
1988,1,11,11
1988,1,12,12
1988,1,13,13
1988,1,14,14
1988,1,15,15
1988,1,16,16
1988,1,17,17
1988,1,18,18
1988,1,19,19
1988,1,20,20
1988,1,21,21
1988,1,22,22
1988,1,23,23
1988,1,24,24
1988,1,25,25
1988,1,26,26
1988,1,27,27
1988,1,28,28
1988,1,29,29
1988,1,30,30
1988,1,31,31
1988,2,1,1
1988,2,2,2
1988,2,3,3
1988,2,4,4
1988,2,5,5
1988,2,6,6
1988,2,7,7
1988,2,8,8
1988,2,9,9
1988,2,10,10
1988,2,11,11
1988,2,12,12
1988,2,13,13
1988,2,14,14
1988,2,15,15
1988,2,16,16
1988,2,17,17
1988,2,18,18
1988,2,19,19
1988,2,20,20
1988,2,21,21
1988,2,22,22
1988,2,23,23
1988,2,24,24
1988,2,25,25
1988,2,26,26
1988,2,27,27
1988,2,28,28
1988,2,29,29
1988,3,1,1
1988,3,2,2
1988,3,3,3
1988,3,4,4
1988,3,5,5
1988,3,6,6
1988,3,7,7
1988,3,8,8
1988,3,9,9
1988,3,10,10
1988,3,11,11
1988,3,12,12
1988,3,13,13
1988,3,14,14
1988,3,15,15
1988,3,16,16
1988,3,17,17
1988,3,18,18
1988,3,19,19
1988,3,20,20
1988,3,21,21
1988,3,22,22
1988,3,23,23
1988,3,24,24
1988,3,25,25
1988,3,26,26
1988,3,27,27
1988,3,28,28
1988,3,29,29
1988,3,30,30
1988,3,31,31
1988,4,1,1
1988,4,2,2
1988,4,3,3
1988,4,4,4
1988,4,5,5
1988,4,6,6
1988,4,7,7
1988,4,8,8
1988,4,9,9
1988,4,10,10
1988,4,11,11
1988,4,12,12
1988,4,13,13
1988,4,14,14
1988,4,15,15
1988,4,16,16
1988,4,17,17
1988,4,18,18
1988,4,19,19
1988,4,20,20
1988,4,21,21
1988,4,22,22
1988,4,23,23
1988,4,24,24
1988,4,25,25
1988,4,26,26
1988,4,27,27
1988,4,28,28
1988,4,29,29
1988,4,30,30
1988,5,1,1
1988,5,2,2
1988,5,3,3
1988,5,4,4
1988,5,5,5
1988,5,6,6
1988,5,7,7
1988,5,8,8
1988,5,9,9
1988,5,10,10
1988,5,11,11
1988,5,12,12
1988,5,13,13
1988,5,14,14
1988,5,15,15
1988,5,16,16
1988,5,17,17
1988,5,18,18
1988,5,19,19
1988,5,20,20
1988,5,21,21
1988,5,22,22
1988,5,23,23
1988,5,24,24
1988,5,25,25
1988,5,26,26
1988,5,27,27
1988,5,28,28
1988,5,29,29
1988,5,30,30
1988,5,31,31
1988,6,1,1
1988,6,2,2
1988,6,3,3
1988,6,4,4
1988,6,5,5
1988,6,6,6
1988,6,7,7
1988,6,8,8
1988,6,9,9
1988,6,10,10
1988,6,11,11
1988,6,12,12
1988,6,13,13
1988,6,14,14
1988,6,15,15
1988,6,16,16
1988,6,17,17
1988,6,18,18
1988,6,19,19
1988,6,20,20
1988,6,21,21
1988,6,22,22
1988,6,23,23
1988,6,24,24
1988,6,25,25
1988,6,26,26
1988,6,27,27
1988,6,28,28
1988,6,29,29
1988,6,30,30
1988,7,1,1
1988,7,2,2
1988,7,3,3
1988,7,4,4
1988,7,5,5
1988,7,6,6
1988,7,7,7
1988,7,8,8
1988,7,9,9
1988,7,10,10
1988,7,11,11
1988,7,12,12
1988,7,13,13
1988,7,14,14
1988,7,15,15
1988,7,16,16
1988,7,17,17
1988,7,18,18
1988,7,19,19
1988,7,20,20
1988,7,21,21
1988,7,22,22
1988,7,23,23
1988,7,24,24
1988,7,25,25
1988,7,26,26
1988,7,27,27
1988,7,28,28
1988,7,29,29
1988,7,30,30
1988,7,31,31
1988,8,1,1
1988,8,2,2
1988,8,3,3
1988,8,4,4
1988,8,5,5
1988,8,6,6
1988,8,7,7
1988,8,8,8
1988,8,9,9
1988,8,10,10
1988,8,11,11
1988,8,12,12
1988,8,13,13
1988,8,14,14
1988,8,15,15
1988,8,16,16
1988,8,17,17
1988,8,18,18
1988,8,19,19
1988,8,20,20
1988,8,21,21
1988,8,22,22
1988,8,23,23
1988,8,24,24
1988,8,25,25
1988,8,26,26
1988,8,27,27
1988,8,28,28
1988,8,29,29
1988,8,30,30
1988,8,31,31
1988,9,1,1
1988,9,2,2
1988,9,3,3
1988,9,4,4
1988,9,5,5
1988,9,6,6
1988,9,7,7
1988,9,8,8
1988,9,9,9
1988,9,10,10
1988,9,11,11
1988,9,12,12
1988,9,13,13
1988,9,14,14
1988,9,15,15
1988,9,16,16
1988,9,17,17
1988,9,18,18
1988,9,19,19
1988,9,20,20
1988,9,21,21
1988,9,22,22
1988,9,23,23
1988,9,24,24
1988,9,25,25
1988,9,26,26
1988,9,27,27
1988,9,28,28
1988,9,29,29
1988,9,30,30
1988,10,1,1
1988,10,2,2
1988,10,3,3
1988,10,4,4
1988,10,5,5
1988,10,6,6
1988,10,7,7
1988,10,8,8
1988,10,9,9
1988,10,10,10
1988,10,11,11
1988,10,12,12
1988,10,13,13
1988,10,14,14
1988,10,15,15
1988,10,16,16
1988,10,17,17
1988,10,18,18
1988,10,19,19
1988,10,20,20
1988,10,21,21
1988,10,22,22
1988,10,23,23
1988,10,24,24
1988,10,25,25
1988,10,26,26
1988,10,27,27
1988,10,28,28
1988,10,29,29
1988,10,30,30
1988,10,31,31
1988,11,1,1
1988,11,2,2
1988,11,3,3
1988,11,4,4
1988,11,5,5
1988,11,6,6
1988,11,7,7
1988,11,8,8
1988,11,9,9
1988,11,10,10
1988,11,11,11
1988,11,12,12
1988,11,13,13
1988,11,14,14
1988,11,15,15
1988,11,16,16
1988,11,17,17
1988,11,18,18
1988,11,19,19
1988,11,20,20
1988,11,21,21
1988,11,22,22
1988,11,23,23
1988,11,24,24
1988,11,25,25
1988,11,26,26
1988,11,27,27
1988,11,28,28
1988,11,29,29
1988,11,30,30
1988,12,1,1
1988,12,2,2
1988,12,3,3
1988,12,4,4
1988,12,5,5
1988,12,6,6
1988,12,7,7
1988,12,8,8
1988,12,9,9
1988,12,10,10
1988,12,11,11
1988,12,12,12
1988,12,13,13
1988,12,14,14
1988,12,15,15
1988,12,16,16
1988,12,17,17
1988,12,18,18
1988,12,19,19
1988,12,20,20
1988,12,21,21
1988,12,22,22
1988,12,23,23
1988,12,24,24
1988,12,25,25
1988,12,26,26
1988,12,27,27
1988,12,28,28
1988,12,29,29
1988,12,30,30
1988,12,31,31
1989,1,1,1
1989,1,2,2
1989,1,3,3
1989,1,4,4
1989,1,5,5
1989,1,6,6
1989,1,7,7
1989,1,8,8
1989,1,9,9
1989,1,10,10
1989,1,11,11
1989,1,12,12
1989,1,13,13
1989,1,14,14
1989,1,15,15
1989,1,16,16
1989,1,17,17
1989,1,18,18
1989,1,19,19
1989,1,20,20
1989,1,21,21
1989,1,22,22
1989,1,23,23
1989,1,24,24
1989,1,25,25
1989,1,26,26
1989,1,27,27
1989,1,28,28
1989,1,29,29
1989,1,30,30
1989,1,31,31
1989,2,1,1
1989,2,2,2
1989,2,3,3
1989,2,4,4
1989,2,5,5
1989,2,6,6
1989,2,7,7
1989,2,8,8
1989,2,9,9
1989,2,10,10
1989,2,11,11
1989,2,12,12
1989,2,13,13
1989,2,14,14
1989,2,15,15
1989,2,16,16
1989,2,17,17
1989,2,18,18
1989,2,19,19
1989,2,20,20
1989,2,21,21
1989,2,22,22
1989,2,23,23
1989,2,24,24
1989,2,25,25
1989,2,26,26
1989,2,27,27
1989,2,28,28
1989,3,1,1
1989,3,2,2
1989,3,3,3
1989,3,4,4
1989,3,5,5
1989,3,6,6
1989,3,7,7
1989,3,8,8
1989,3,9,9
1989,3,10,10
1989,3,11,11
1989,3,12,12
1989,3,13,13
1989,3,14,14
1989,3,15,15
1989,3,16,16
1989,3,17,17
1989,3,18,18
1989,3,19,19
1989,3,20,20
1989,3,21,21
1989,3,22,22
1989,3,23,23
1989,3,24,24
1989,3,25,25
1989,3,26,26
1989,3,27,27
1989,3,28,28
1989,3,29,29
1989,3,30,30
1989,3,31,31
1989,4,1,1
1989,4,2,2
1989,4,3,3
1989,4,4,4
1989,4,5,5
1989,4,6,6
1989,4,7,7
1989,4,8,8
1989,4,9,9
1989,4,10,10
1989,4,11,11
1989,4,12,12
1989,4,13,13
1989,4,14,14
1989,4,15,15
1989,4,16,16
1989,4,17,17
1989,4,18,18
1989,4,19,19
1989,4,20,20
1989,4,21,21
1989,4,22,22
1989,4,23,23
1989,4,24,24
1989,4,25,25
1989,4,26,26
1989,4,27,27
1989,4,28,28
1989,4,29,29
1989,4,30,30
1989,5,1,1
1989,5,2,2
1989,5,3,3
1989,5,4,4
1989,5,5,5
1989,5,6,6
1989,5,7,7
1989,5,8,8
1989,5,9,9
1989,5,10,10
1989,5,11,11
1989,5,12,12
1989,5,13,13
1989,5,14,14
1989,5,15,15
1989,5,16,16
1989,5,17,17
1989,5,18,18
1989,5,19,19
1989,5,20,20
1989,5,21,21
1989,5,22,22
1989,5,23,23
1989,5,24,24
1989,5,25,25
1989,5,26,26
1989,5,27,27
1989,5,28,28
1989,5,29,29
1989,5,30,30
1989,5,31,31
1989,6,1,1
1989,6,2,2
1989,6,3,3
1989,6,4,4
1989,6,5,5
1989,6,6,6
1989,6,7,7
1989,6,8,8
1989,6,9,9
1989,6,10,10
1989,6,11,11
1989,6,12,12
1989,6,13,13
1989,6,14,14
1989,6,15,15
1989,6,16,16
1989,6,17,17
1989,6,18,18
1989,6,19,19
1989,6,20,20
1989,6,21,21
1989,6,22,22
1989,6,23,23
1989,6,24,24
1989,6,25,25
1989,6,26,26
1989,6,27,27
1989,6,28,28
1989,6,29,29
1989,6,30,30
1989,7,1,1
1989,7,2,2
1989,7,3,3
1989,7,4,4
1989,7,5,5
1989,7,6,6
1989,7,7,7
1989,7,8,8
1989,7,9,9
1989,7,10,10
1989,7,11,11
1989,7,12,12
1989,7,13,13
1989,7,14,14
1989,7,15,15
1989,7,16,16
1989,7,17,17
1989,7,18,18
1989,7,19,19
1989,7,20,20
1989,7,21,21
1989,7,22,22
1989,7,23,23
1989,7,24,24
1989,7,25,25
1989,7,26,26
1989,7,27,27
1989,7,28,28
1989,7,29,29
1989,7,30,30
1989,7,31,31
1989,8,1,1
1989,8,2,2
1989,8,3,3
1989,8,4,4
1989,8,5,5
1989,8,6,6
1989,8,7,7
1989,8,8,8
1989,8,9,9
1989,8,10,10
1989,8,11,11
1989,8,12,12
1989,8,13,13
1989,8,14,14
1989,8,15,15
1989,8,16,16
1989,8,17,17
1989,8,18,18
1989,8,19,19
1989,8,20,20
1989,8,21,21
1989,8,22,22
1989,8,23,23
1989,8,24,24
1989,8,25,25
1989,8,26,26
1989,8,27,27
1989,8,28,28
1989,8,29,29
1989,8,30,30
1989,8,31,31
1989,9,1,1
1989,9,2,2
1989,9,3,3
1989,9,4,4
1989,9,5,5
1989,9,6,6
1989,9,7,7
1989,9,8,8
1989,9,9,9
1989,9,10,10
1989,9,11,11
1989,9,12,12
1989,9,13,13
1989,9,14,14
1989,9,15,15
1989,9,16,16
1989,9,17,17
1989,9,18,18
1989,9,19,19
1989,9,20,20
1989,9,21,21
1989,9,22,22
1989,9,23,23
1989,9,24,24
1989,9,25,25
1989,9,26,26
1989,9,27,27
1989,9,28,28
1989,9,29,29
1989,9,30,30
1989,10,1,1
1989,10,2,2
1989,10,3,3
1989,10,4,4
1989,10,5,5
1989,10,6,6
1989,10,7,7
1989,10,8,8
1989,10,9,9
1989,10,10,10
1989,10,11,11
1989,10,12,12
1989,10,13,13
1989,10,14,14
1989,10,15,15
1989,10,16,16
1989,10,17,17
1989,10,18,18
1989,10,19,19
1989,10,20,20
1989,10,21,21
1989,10,22,22
1989,10,23,23
1989,10,24,24
1989,10,25,25
1989,10,26,26
1989,10,27,27
1989,10,28,28
1989,10,29,29
1989,10,30,30
1989,10,31,31
1989,11,1,1
1989,11,2,2
1989,11,3,3
1989,11,4,4
1989,11,5,5
1989,11,6,6
1989,11,7,7
1989,11,8,8
1989,11,9,9
1989,11,10,10
1989,11,11,11
1989,11,12,12
1989,11,13,13
1989,11,14,14
1989,11,15,15
1989,11,16,16
1989,11,17,17
1989,11,18,18
1989,11,19,19
1989,11,20,20
1989,11,21,21
1989,11,22,22
1989,11,23,23
1989,11,24,24
1989,11,25,25
1989,11,26,26
1989,11,27,27
1989,11,28,28
1989,11,29,29
1989,11,30,30
1989,12,1,1
1989,12,2,2
1989,12,3,3
1989,12,4,4
1989,12,5,5
1989,12,6,6
1989,12,7,7
1989,12,8,8
1989,12,9,9
1989,12,10,10
1989,12,11,11
1989,12,12,12
1989,12,13,13
1989,12,14,14
1989,12,15,15
1989,12,16,16
1989,12,17,17
1989,12,18,18
1989,12,19,19
1989,12,20,20
1989,12,21,21
1989,12,22,22
1989,12,23,23
1989,12,24,24
1989,12,25,25
1989,12,26,26
1989,12,27,27
1989,12,28,28
1989,12,29,29
1989,12,30,30
1989,12,31,31
1990,1,1,1
1990,1,2,2
1990,1,3,3
1990,1,4,4
1990,1,5,5
1990,1,6,6
1990,1,7,7
1990,1,8,8
1990,1,9,9
1990,1,10,10
1990,1,11,11
1990,1,12,12
1990,1,13,13
1990,1,14,14
1990,1,15,15
1990,1,16,16
1990,1,17,17
1990,1,18,18
1990,1,19,19
1990,1,20,20
1990,1,21,21
1990,1,22,22
1990,1,23,23
1990,1,24,24
1990,1,25,25
1990,1,26,26
1990,1,27,27
1990,1,28,28
1990,1,29,29
1990,1,30,30
1990,1,31,31
1990,2,1,1
1990,2,2,2
1990,2,3,3
1990,2,4,4
1990,2,5,5
1990,2,6,6
1990,2,7,7
1990,2,8,8
1990,2,9,9
1990,2,10,10
1990,2,11,11
1990,2,12,12
1990,2,13,13
1990,2,14,14
1990,2,15,15
1990,2,16,16
1990,2,17,17
1990,2,18,18
1990,2,19,19
1990,2,20,20
1990,2,21,21
1990,2,22,22
1990,2,23,23
1990,2,24,24
1990,2,25,25
1990,2,26,26
1990,2,27,27
1990,2,28,28
1990,3,1,1
1990,3,2,2
1990,3,3,3
1990,3,4,4
1990,3,5,5
1990,3,6,6
1990,3,7,7
1990,3,8,8
1990,3,9,9
1990,3,10,10
1990,3,11,11
1990,3,12,12
1990,3,13,13
1990,3,14,14
1990,3,15,15
1990,3,16,16
1990,3,17,17
1990,3,18,18
1990,3,19,19
1990,3,20,20
1990,3,21,21
1990,3,22,22
1990,3,23,23
1990,3,24,24
1990,3,25,25
1990,3,26,26
1990,3,27,27
1990,3,28,28
1990,3,29,29
1990,3,30,30
1990,3,31,31
1990,4,1,1
1990,4,2,2
1990,4,3,3
1990,4,4,4
1990,4,5,5
1990,4,6,6
1990,4,7,7
1990,4,8,8
1990,4,9,9
1990,4,10,10
1990,4,11,11
1990,4,12,12
1990,4,13,13
1990,4,14,14
1990,4,15,15
1990,4,16,16
1990,4,17,17
1990,4,18,18
1990,4,19,19
1990,4,20,20
1990,4,21,21
1990,4,22,22
1990,4,23,23
1990,4,24,24
1990,4,25,25
1990,4,26,26
1990,4,27,27
1990,4,28,28
1990,4,29,29
1990,4,30,30
1990,5,1,1
1990,5,2,2
1990,5,3,3
1990,5,4,4
1990,5,5,5
1990,5,6,6
1990,5,7,7
1990,5,8,8
1990,5,9,9
1990,5,10,10
1990,5,11,11
1990,5,12,12
1990,5,13,13
1990,5,14,14
1990,5,15,15
1990,5,16,16
1990,5,17,17
1990,5,18,18
1990,5,19,19
1990,5,20,20
1990,5,21,21
1990,5,22,22
1990,5,23,23
1990,5,24,24
1990,5,25,25
1990,5,26,26
1990,5,27,27
1990,5,28,28
1990,5,29,29
1990,5,30,30
1990,5,31,31
1990,6,1,1
1990,6,2,2
1990,6,3,3
1990,6,4,4
1990,6,5,5
1990,6,6,6
1990,6,7,7
1990,6,8,8
1990,6,9,9
1990,6,10,10
1990,6,11,11
1990,6,12,12
1990,6,13,13
1990,6,14,14
1990,6,15,15
1990,6,16,16
1990,6,17,17
1990,6,18,18
1990,6,19,19
1990,6,20,20
1990,6,21,21
1990,6,22,22
1990,6,23,23
1990,6,24,24
1990,6,25,25
1990,6,26,26
1990,6,27,27
1990,6,28,28
1990,6,29,29
1990,6,30,30
1990,7,1,1
1990,7,2,2
1990,7,3,3
1990,7,4,4
1990,7,5,5
1990,7,6,6
1990,7,7,7
1990,7,8,8
1990,7,9,9
1990,7,10,10
1990,7,11,11
1990,7,12,12
1990,7,13,13
1990,7,14,14
1990,7,15,15
1990,7,16,16
1990,7,17,17
1990,7,18,18
1990,7,19,19
1990,7,20,20
1990,7,21,21
1990,7,22,22
1990,7,23,23
1990,7,24,24
1990,7,25,25
1990,7,26,26
1990,7,27,27
1990,7,28,28
1990,7,29,29
1990,7,30,30
1990,7,31,31
1990,8,1,1
1990,8,2,2
1990,8,3,3
1990,8,4,4
1990,8,5,5
1990,8,6,6
1990,8,7,7
1990,8,8,8
1990,8,9,9
1990,8,10,10
1990,8,11,11
1990,8,12,12
1990,8,13,13
1990,8,14,14
1990,8,15,15
1990,8,16,16
1990,8,17,17
1990,8,18,18
1990,8,19,19
1990,8,20,20
1990,8,21,21
1990,8,22,22
1990,8,23,23
1990,8,24,24
1990,8,25,25
1990,8,26,26
1990,8,27,27
1990,8,28,28
1990,8,29,29
1990,8,30,30
1990,8,31,31
1990,9,1,1
1990,9,2,2
1990,9,3,3
1990,9,4,4
1990,9,5,5
1990,9,6,6
1990,9,7,7
1990,9,8,8
1990,9,9,9
1990,9,10,10
1990,9,11,11
1990,9,12,12
1990,9,13,13
1990,9,14,14
1990,9,15,15
1990,9,16,16
1990,9,17,17
1990,9,18,18
1990,9,19,19
1990,9,20,20
1990,9,21,21
1990,9,22,22
1990,9,23,23
1990,9,24,24
1990,9,25,25
1990,9,26,26
1990,9,27,27
1990,9,28,28
1990,9,29,29
1990,9,30,30
1990,10,1,1
1990,10,2,2
1990,10,3,3
1990,10,4,4
1990,10,5,5
1990,10,6,6
1990,10,7,7
1990,10,8,8
1990,10,9,9
1990,10,10,10
1990,10,11,11
1990,10,12,12
1990,10,13,13
1990,10,14,14
1990,10,15,15
1990,10,16,16
1990,10,17,17
1990,10,18,18
1990,10,19,19
1990,10,20,20
1990,10,21,21
1990,10,22,22
1990,10,23,23
1990,10,24,24
1990,10,25,25
1990,10,26,26
1990,10,27,27
1990,10,28,28
1990,10,29,29
1990,10,30,30
1990,10,31,31
1990,11,1,1
1990,11,2,2
1990,11,3,3
1990,11,4,4
1990,11,5,5
1990,11,6,6
1990,11,7,7
1990,11,8,8
1990,11,9,9
1990,11,10,10
1990,11,11,11
1990,11,12,12
1990,11,13,13
1990,11,14,14
1990,11,15,15
1990,11,16,16
1990,11,17,17
1990,11,18,18
1990,11,19,19
1990,11,20,20
1990,11,21,21
1990,11,22,22
1990,11,23,23
1990,11,24,24
1990,11,25,25
1990,11,26,26
1990,11,27,27
1990,11,28,28
1990,11,29,29
1990,11,30,30
1990,12,1,1
1990,12,2,2
1990,12,3,3
1990,12,4,4
1990,12,5,5
1990,12,6,6
1990,12,7,7
1990,12,8,8
1990,12,9,9
1990,12,10,10
1990,12,11,11
1990,12,12,12
1990,12,13,13
1990,12,14,14
1990,12,15,15
1990,12,16,16
1990,12,17,17
1990,12,18,18
1990,12,19,19
1990,12,20,20
1990,12,21,21
1990,12,22,22
1990,12,23,23
1990,12,24,24
1990,12,25,25
1990,12,26,26
1990,12,27,27
1990,12,28,28
1990,12,29,29
1990,12,30,30
1990,12,31,31
1991,1,1,1
1991,1,2,2
1991,1,3,3
1991,1,4,4
1991,1,5,5
1991,1,6,6
1991,1,7,7
1991,1,8,8
1991,1,9,9
1991,1,10,10
1991,1,11,11
1991,1,12,12
1991,1,13,13
1991,1,14,14
1991,1,15,15
1991,1,16,16
1991,1,17,17
1991,1,18,18
1991,1,19,19
1991,1,20,20
1991,1,21,21
1991,1,22,22
1991,1,23,23
1991,1,24,24
1991,1,25,25
1991,1,26,26
1991,1,27,27
1991,1,28,28
1991,1,29,29
1991,1,30,30
1991,1,31,31
1991,2,1,1
1991,2,2,2
1991,2,3,3
1991,2,4,4
1991,2,5,5
1991,2,6,6
1991,2,7,7
1991,2,8,8
1991,2,9,9
1991,2,10,10
1991,2,11,11
1991,2,12,12
1991,2,13,13
1991,2,14,14
1991,2,15,15
1991,2,16,16
1991,2,17,17
1991,2,18,18
1991,2,19,19
1991,2,20,20
1991,2,21,21
1991,2,22,22
1991,2,23,23
1991,2,24,24
1991,2,25,25
1991,2,26,26
1991,2,27,27
1991,2,28,28
1991,3,1,1
1991,3,2,2
1991,3,3,3
1991,3,4,4
1991,3,5,5
1991,3,6,6
1991,3,7,7
1991,3,8,8
1991,3,9,9
1991,3,10,10
1991,3,11,11
1991,3,12,12
1991,3,13,13
1991,3,14,14
1991,3,15,15
1991,3,16,16
1991,3,17,17
1991,3,18,18
1991,3,19,19
1991,3,20,20
1991,3,21,21
1991,3,22,22
1991,3,23,23
1991,3,24,24
1991,3,25,25
1991,3,26,26
1991,3,27,27
1991,3,28,28
1991,3,29,29
1991,3,30,30
1991,3,31,31
1991,4,1,1
1991,4,2,2
1991,4,3,3
1991,4,4,4
1991,4,5,5
1991,4,6,6
1991,4,7,7
1991,4,8,8
1991,4,9,9
1991,4,10,10
1991,4,11,11
1991,4,12,12
1991,4,13,13
1991,4,14,14
1991,4,15,15
1991,4,16,16
1991,4,17,17
1991,4,18,18
1991,4,19,19
1991,4,20,20
1991,4,21,21
1991,4,22,22
1991,4,23,23
1991,4,24,24
1991,4,25,25
1991,4,26,26
1991,4,27,27
1991,4,28,28
1991,4,29,29
1991,4,30,30
1991,5,1,1
1991,5,2,2
1991,5,3,3
1991,5,4,4
1991,5,5,5
1991,5,6,6
1991,5,7,7
1991,5,8,8
1991,5,9,9
1991,5,10,10
1991,5,11,11
1991,5,12,12
1991,5,13,13
1991,5,14,14
1991,5,15,15
1991,5,16,16
1991,5,17,17
1991,5,18,18
1991,5,19,19
1991,5,20,20
1991,5,21,21
1991,5,22,22
1991,5,23,23
1991,5,24,24
1991,5,25,25
1991,5,26,26
1991,5,27,27
1991,5,28,28
1991,5,29,29
1991,5,30,30
1991,5,31,31
1991,6,1,1
1991,6,2,2
1991,6,3,3
1991,6,4,4
1991,6,5,5
1991,6,6,6
1991,6,7,7
1991,6,8,8
1991,6,9,9
1991,6,10,10
1991,6,11,11
1991,6,12,12
1991,6,13,13
1991,6,14,14
1991,6,15,15
1991,6,16,16
1991,6,17,17
1991,6,18,18
1991,6,19,19
1991,6,20,20
1991,6,21,21
1991,6,22,22
1991,6,23,23
1991,6,24,24
1991,6,25,25
1991,6,26,26
1991,6,27,27
1991,6,28,28
1991,6,29,29
1991,6,30,30
1991,7,1,1
1991,7,2,2
1991,7,3,3
1991,7,4,4
1991,7,5,5
1991,7,6,6
1991,7,7,7
1991,7,8,8
1991,7,9,9
1991,7,10,10
1991,7,11,11
1991,7,12,12
1991,7,13,13
1991,7,14,14
1991,7,15,15
1991,7,16,16
1991,7,17,17
1991,7,18,18
1991,7,19,19
1991,7,20,20
1991,7,21,21
1991,7,22,22
1991,7,23,23
1991,7,24,24
1991,7,25,25
1991,7,26,26
1991,7,27,27
1991,7,28,28
1991,7,29,29
1991,7,30,30
1991,7,31,31
1991,8,1,1
1991,8,2,2
1991,8,3,3
1991,8,4,4
1991,8,5,5
1991,8,6,6
1991,8,7,7
1991,8,8,8
1991,8,9,9
1991,8,10,10
1991,8,11,11
1991,8,12,12
1991,8,13,13
1991,8,14,14
1991,8,15,15
1991,8,16,16
1991,8,17,17
1991,8,18,18
1991,8,19,19
1991,8,20,20
1991,8,21,21
1991,8,22,22
1991,8,23,23
1991,8,24,24
1991,8,25,25
1991,8,26,26
1991,8,27,27
1991,8,28,28
1991,8,29,29
1991,8,30,30
1991,8,31,31
1991,9,1,1
1991,9,2,2
1991,9,3,3
1991,9,4,4
1991,9,5,5
1991,9,6,6
1991,9,7,7
1991,9,8,8
1991,9,9,9
1991,9,10,10
1991,9,11,11
1991,9,12,12
1991,9,13,13
1991,9,14,14
1991,9,15,15
1991,9,16,16
1991,9,17,17
1991,9,18,18
1991,9,19,19
1991,9,20,20
1991,9,21,21
1991,9,22,22
1991,9,23,23
1991,9,24,24
1991,9,25,25
1991,9,26,26
1991,9,27,27
1991,9,28,28
1991,9,29,29
1991,9,30,30
1991,10,1,1
1991,10,2,2
1991,10,3,3
1991,10,4,4
1991,10,5,5
1991,10,6,6
1991,10,7,7
1991,10,8,8
1991,10,9,9
1991,10,10,10
1991,10,11,11
1991,10,12,12
1991,10,13,13
1991,10,14,14
1991,10,15,15
1991,10,16,16
1991,10,17,17
1991,10,18,18
1991,10,19,19
1991,10,20,20
1991,10,21,21
1991,10,22,22
1991,10,23,23
1991,10,24,24
1991,10,25,25
1991,10,26,26
1991,10,27,27
1991,10,28,28
1991,10,29,29
1991,10,30,30
1991,10,31,31
1991,11,1,1
1991,11,2,2
1991,11,3,3
1991,11,4,4
1991,11,5,5
1991,11,6,6
1991,11,7,7
1991,11,8,8
1991,11,9,9
1991,11,10,10
1991,11,11,11
1991,11,12,12
1991,11,13,13
1991,11,14,14
1991,11,15,15
1991,11,16,16
1991,11,17,17
1991,11,18,18
1991,11,19,19
1991,11,20,20
1991,11,21,21
1991,11,22,22
1991,11,23,23
1991,11,24,24
1991,11,25,25
1991,11,26,26
1991,11,27,27
1991,11,28,28
1991,11,29,29
1991,11,30,30
1991,12,1,1
1991,12,2,2
1991,12,3,3
1991,12,4,4
1991,12,5,5
1991,12,6,6
1991,12,7,7
1991,12,8,8
1991,12,9,9
1991,12,10,10
1991,12,11,11
1991,12,12,12
1991,12,13,13
1991,12,14,14
1991,12,15,15
1991,12,16,16
1991,12,17,17
1991,12,18,18
1991,12,19,19
1991,12,20,20
1991,12,21,21
1991,12,22,22
1991,12,23,23
1991,12,24,24
1991,12,25,25
1991,12,26,26
1991,12,27,27
1991,12,28,28
1991,12,29,29
1991,12,30,30
1991,12,31,31
1992,1,1,1
1992,1,2,2
1992,1,3,3
1992,1,4,4
1992,1,5,5
1992,1,6,6
1992,1,7,7
1992,1,8,8
1992,1,9,9
1992,1,10,10
1992,1,11,11
1992,1,12,12
1992,1,13,13
1992,1,14,14
1992,1,15,15
1992,1,16,16
1992,1,17,17
1992,1,18,18
1992,1,19,19
1992,1,20,20
1992,1,21,21
1992,1,22,22
1992,1,23,23
1992,1,24,24
1992,1,25,25
1992,1,26,26
1992,1,27,27
1992,1,28,28
1992,1,29,29
1992,1,30,30
1992,1,31,31
1992,2,1,1
1992,2,2,2
1992,2,3,3
1992,2,4,4
1992,2,5,5
1992,2,6,6
1992,2,7,7
1992,2,8,8
1992,2,9,9
1992,2,10,10
1992,2,11,11
1992,2,12,12
1992,2,13,13
1992,2,14,14
1992,2,15,15
1992,2,16,16
1992,2,17,17
1992,2,18,18
1992,2,19,19
1992,2,20,20
1992,2,21,21
1992,2,22,22
1992,2,23,23
1992,2,24,24
1992,2,25,25
1992,2,26,26
1992,2,27,27
1992,2,28,28
1992,2,29,29
1992,3,1,1
1992,3,2,2
1992,3,3,3
1992,3,4,4
1992,3,5,5
1992,3,6,6
1992,3,7,7
1992,3,8,8
1992,3,9,9
1992,3,10,10
1992,3,11,11
1992,3,12,12
1992,3,13,13
1992,3,14,14
1992,3,15,15
1992,3,16,16
1992,3,17,17
1992,3,18,18
1992,3,19,19
1992,3,20,20
1992,3,21,21
1992,3,22,22
1992,3,23,23
1992,3,24,24
1992,3,25,25
1992,3,26,26
1992,3,27,27
1992,3,28,28
1992,3,29,29
1992,3,30,30
1992,3,31,31
1992,4,1,1
1992,4,2,2
1992,4,3,3
1992,4,4,4
1992,4,5,5
1992,4,6,6
1992,4,7,7
1992,4,8,8
1992,4,9,9
1992,4,10,10
1992,4,11,11
1992,4,12,12
1992,4,13,13
1992,4,14,14
1992,4,15,15
1992,4,16,16
1992,4,17,17
1992,4,18,18
1992,4,19,19
1992,4,20,20
1992,4,21,21
1992,4,22,22
1992,4,23,23
1992,4,24,24
1992,4,25,25
1992,4,26,26
1992,4,27,27
1992,4,28,28
1992,4,29,29
1992,4,30,30
1992,5,1,1
1992,5,2,2
1992,5,3,3
1992,5,4,4
1992,5,5,5
1992,5,6,6
1992,5,7,7
1992,5,8,8
1992,5,9,9
1992,5,10,10
1992,5,11,11
1992,5,12,12
1992,5,13,13
1992,5,14,14
1992,5,15,15
1992,5,16,16
1992,5,17,17
1992,5,18,18
1992,5,19,19
1992,5,20,20
1992,5,21,21
1992,5,22,22
1992,5,23,23
1992,5,24,24
1992,5,25,25
1992,5,26,26
1992,5,27,27
1992,5,28,28
1992,5,29,29
1992,5,30,30
1992,5,31,31
1992,6,1,1
1992,6,2,2
1992,6,3,3
1992,6,4,4
1992,6,5,5
1992,6,6,6
1992,6,7,7
1992,6,8,8
1992,6,9,9
1992,6,10,10
1992,6,11,11
1992,6,12,12
1992,6,13,13
1992,6,14,14
1992,6,15,15
1992,6,16,16
1992,6,17,17
1992,6,18,18
1992,6,19,19
1992,6,20,20
1992,6,21,21
1992,6,22,22
1992,6,23,23
1992,6,24,24
1992,6,25,25
1992,6,26,26
1992,6,27,27
1992,6,28,28
1992,6,29,29
1992,6,30,30
1992,7,1,1
1992,7,2,2
1992,7,3,3
1992,7,4,4
1992,7,5,5
1992,7,6,6
1992,7,7,7
1992,7,8,8
1992,7,9,9
1992,7,10,10
1992,7,11,11
1992,7,12,12
1992,7,13,13
1992,7,14,14
1992,7,15,15
1992,7,16,16
1992,7,17,17
1992,7,18,18
1992,7,19,19
1992,7,20,20
1992,7,21,21
1992,7,22,22
1992,7,23,23
1992,7,24,24
1992,7,25,25
1992,7,26,26
1992,7,27,27
1992,7,28,28
1992,7,29,29
1992,7,30,30
1992,7,31,31
1992,8,1,1
1992,8,2,2
1992,8,3,3
1992,8,4,4
1992,8,5,5
1992,8,6,6
1992,8,7,7
1992,8,8,8
1992,8,9,9
1992,8,10,10
1992,8,11,11
1992,8,12,12
1992,8,13,13
1992,8,14,14
1992,8,15,15
1992,8,16,16
1992,8,17,17
1992,8,18,18
1992,8,19,19
1992,8,20,20
1992,8,21,21
1992,8,22,22
1992,8,23,23
1992,8,24,24
1992,8,25,25
1992,8,26,26
1992,8,27,27
1992,8,28,28
1992,8,29,29
1992,8,30,30
1992,8,31,31
1992,9,1,1
1992,9,2,2
1992,9,3,3
1992,9,4,4
1992,9,5,5
1992,9,6,6
1992,9,7,7
1992,9,8,8
1992,9,9,9
1992,9,10,10
1992,9,11,11
1992,9,12,12
1992,9,13,13
1992,9,14,14
1992,9,15,15
1992,9,16,16
1992,9,17,17
1992,9,18,18
1992,9,19,19
1992,9,20,20
1992,9,21,21
1992,9,22,22
1992,9,23,23
1992,9,24,24
1992,9,25,25
1992,9,26,26
1992,9,27,27
1992,9,28,28
1992,9,29,29
1992,9,30,30
1992,10,1,1
1992,10,2,2
1992,10,3,3
1992,10,4,4
1992,10,5,5
1992,10,6,6
1992,10,7,7
1992,10,8,8
1992,10,9,9
1992,10,10,10
1992,10,11,11
1992,10,12,12
1992,10,13,13
1992,10,14,14
1992,10,15,15
1992,10,16,16
1992,10,17,17
1992,10,18,18
1992,10,19,19
1992,10,20,20
1992,10,21,21
1992,10,22,22
1992,10,23,23
1992,10,24,24
1992,10,25,25
1992,10,26,26
1992,10,27,27
1992,10,28,28
1992,10,29,29
1992,10,30,30
1992,10,31,31
1992,11,1,1
1992,11,2,2
1992,11,3,3
1992,11,4,4
1992,11,5,5
1992,11,6,6
1992,11,7,7
1992,11,8,8
1992,11,9,9
1992,11,10,10
1992,11,11,11
1992,11,12,12
1992,11,13,13
1992,11,14,14
1992,11,15,15
1992,11,16,16
1992,11,17,17
1992,11,18,18
1992,11,19,19
1992,11,20,20
1992,11,21,21
1992,11,22,22
1992,11,23,23
1992,11,24,24
1992,11,25,25
1992,11,26,26
1992,11,27,27
1992,11,28,28
1992,11,29,29
1992,11,30,30
1992,12,1,1
1992,12,2,2
1992,12,3,3
1992,12,4,4
1992,12,5,5
1992,12,6,6
1992,12,7,7
1992,12,8,8
1992,12,9,9
1992,12,10,10
1992,12,11,11
1992,12,12,12
1992,12,13,13
1992,12,14,14
1992,12,15,15
1992,12,16,16
1992,12,17,17
1992,12,18,18
1992,12,19,19
1992,12,20,20
1992,12,21,21
1992,12,22,22
1992,12,23,23
1992,12,24,24
1992,12,25,25
1992,12,26,26
1992,12,27,27
1992,12,28,28
1992,12,29,29
1992,12,30,30
1992,12,31,31
1993,1,1,1
1993,1,2,2
1993,1,3,3
1993,1,4,4
1993,1,5,5
1993,1,6,6
1993,1,7,7
1993,1,8,8
1993,1,9,9
1993,1,10,10
1993,1,11,11
1993,1,12,12
1993,1,13,13
1993,1,14,14
1993,1,15,15
1993,1,16,16
1993,1,17,17
1993,1,18,18
1993,1,19,19
1993,1,20,20
1993,1,21,21
1993,1,22,22
1993,1,23,23
1993,1,24,24
1993,1,25,25
1993,1,26,26
1993,1,27,27
1993,1,28,28
1993,1,29,29
1993,1,30,30
1993,1,31,31
1993,2,1,1
1993,2,2,2
1993,2,3,3
1993,2,4,4
1993,2,5,5
1993,2,6,6
1993,2,7,7
1993,2,8,8
1993,2,9,9
1993,2,10,10
1993,2,11,11
1993,2,12,12
1993,2,13,13
1993,2,14,14
1993,2,15,15
1993,2,16,16
1993,2,17,17
1993,2,18,18
1993,2,19,19
1993,2,20,20
1993,2,21,21
1993,2,22,22
1993,2,23,23
1993,2,24,24
1993,2,25,25
1993,2,26,26
1993,2,27,27
1993,2,28,28
1993,3,1,1
1993,3,2,2
1993,3,3,3
1993,3,4,4
1993,3,5,5
1993,3,6,6
1993,3,7,7
1993,3,8,8
1993,3,9,9
1993,3,10,10
1993,3,11,11
1993,3,12,12
1993,3,13,13
1993,3,14,14
1993,3,15,15
1993,3,16,16
1993,3,17,17
1993,3,18,18
1993,3,19,19
1993,3,20,20
1993,3,21,21
1993,3,22,22
1993,3,23,23
1993,3,24,24
1993,3,25,25
1993,3,26,26
1993,3,27,27
1993,3,28,28
1993,3,29,29
1993,3,30,30
1993,3,31,31
1993,4,1,1
1993,4,2,2
1993,4,3,3
1993,4,4,4
1993,4,5,5
1993,4,6,6
1993,4,7,7
1993,4,8,8
1993,4,9,9
1993,4,10,10
1993,4,11,11
1993,4,12,12
1993,4,13,13
1993,4,14,14
1993,4,15,15
1993,4,16,16
1993,4,17,17
1993,4,18,18
1993,4,19,19
1993,4,20,20
1993,4,21,21
1993,4,22,22
1993,4,23,23
1993,4,24,24
1993,4,25,25
1993,4,26,26
1993,4,27,27
1993,4,28,28
1993,4,29,29
1993,4,30,30
1993,5,1,1
1993,5,2,2
1993,5,3,3
1993,5,4,4
1993,5,5,5
1993,5,6,6
1993,5,7,7
1993,5,8,8
1993,5,9,9
1993,5,10,10
1993,5,11,11
1993,5,12,12
1993,5,13,13
1993,5,14,14
1993,5,15,15
1993,5,16,16
1993,5,17,17
1993,5,18,18
1993,5,19,19
1993,5,20,20
1993,5,21,21
1993,5,22,22
1993,5,23,23
1993,5,24,24
1993,5,25,25
1993,5,26,26
1993,5,27,27
1993,5,28,28
1993,5,29,29
1993,5,30,30
1993,5,31,31
1993,6,1,1
1993,6,2,2
1993,6,3,3
1993,6,4,4
1993,6,5,5
1993,6,6,6
1993,6,7,7
1993,6,8,8
1993,6,9,9
1993,6,10,10
1993,6,11,11
1993,6,12,12
1993,6,13,13
1993,6,14,14
1993,6,15,15
1993,6,16,16
1993,6,17,17
1993,6,18,18
1993,6,19,19
1993,6,20,20
1993,6,21,21
1993,6,22,22
1993,6,23,23
1993,6,24,24
1993,6,25,25
1993,6,26,26
1993,6,27,27
1993,6,28,28
1993,6,29,29
1993,6,30,30
1993,7,1,1
1993,7,2,2
1993,7,3,3
1993,7,4,4
1993,7,5,5
1993,7,6,6
1993,7,7,7
1993,7,8,8
1993,7,9,9
1993,7,10,10
1993,7,11,11
1993,7,12,12
1993,7,13,13
1993,7,14,14
1993,7,15,15
1993,7,16,16
1993,7,17,17
1993,7,18,18
1993,7,19,19
1993,7,20,20
1993,7,21,21
1993,7,22,22
1993,7,23,23
1993,7,24,24
1993,7,25,25
1993,7,26,26
1993,7,27,27
1993,7,28,28
1993,7,29,29
1993,7,30,30
1993,7,31,31
1993,8,1,1
1993,8,2,2
1993,8,3,3
1993,8,4,4
1993,8,5,5
1993,8,6,6
1993,8,7,7
1993,8,8,8
1993,8,9,9
1993,8,10,10
1993,8,11,11
1993,8,12,12
1993,8,13,13
1993,8,14,14
1993,8,15,15
1993,8,16,16
1993,8,17,17
1993,8,18,18
1993,8,19,19
1993,8,20,20
1993,8,21,21
1993,8,22,22
1993,8,23,23
1993,8,24,24
1993,8,25,25
1993,8,26,26
1993,8,27,27
1993,8,28,28
1993,8,29,29
1993,8,30,30
1993,8,31,31
1993,9,1,1
1993,9,2,2
1993,9,3,3
1993,9,4,4
1993,9,5,5
1993,9,6,6
1993,9,7,7
1993,9,8,8
1993,9,9,9
1993,9,10,10
1993,9,11,11
1993,9,12,12
1993,9,13,13
1993,9,14,14
1993,9,15,15
1993,9,16,16
1993,9,17,17
1993,9,18,18
1993,9,19,19
1993,9,20,20
1993,9,21,21
1993,9,22,22
1993,9,23,23
1993,9,24,24
1993,9,25,25
1993,9,26,26
1993,9,27,27
1993,9,28,28
1993,9,29,29
1993,9,30,30
1993,10,1,1
1993,10,2,2
1993,10,3,3
1993,10,4,4
1993,10,5,5
1993,10,6,6
1993,10,7,7
1993,10,8,8
1993,10,9,9
1993,10,10,10
1993,10,11,11
1993,10,12,12
1993,10,13,13
1993,10,14,14
1993,10,15,15
1993,10,16,16
1993,10,17,17
1993,10,18,18
1993,10,19,19
1993,10,20,20
1993,10,21,21
1993,10,22,22
1993,10,23,23
1993,10,24,24
1993,10,25,25
1993,10,26,26
1993,10,27,27
1993,10,28,28
1993,10,29,29
1993,10,30,30
1993,10,31,31
1993,11,1,1
1993,11,2,2
1993,11,3,3
1993,11,4,4
1993,11,5,5
1993,11,6,6
1993,11,7,7
1993,11,8,8
1993,11,9,9
1993,11,10,10
1993,11,11,11
1993,11,12,12
1993,11,13,13
1993,11,14,14
1993,11,15,15
1993,11,16,16
1993,11,17,17
1993,11,18,18
1993,11,19,19
1993,11,20,20
1993,11,21,21
1993,11,22,22
1993,11,23,23
1993,11,24,24
1993,11,25,25
1993,11,26,26
1993,11,27,27
1993,11,28,28
1993,11,29,29
1993,11,30,30
1993,12,1,1
1993,12,2,2
1993,12,3,3
1993,12,4,4
1993,12,5,5
1993,12,6,6
1993,12,7,7
1993,12,8,8
1993,12,9,9
1993,12,10,10
1993,12,11,11
1993,12,12,12
1993,12,13,13
1993,12,14,14
1993,12,15,15
1993,12,16,16
1993,12,17,17
1993,12,18,18
1993,12,19,19
1993,12,20,20
1993,12,21,21
1993,12,22,22
1993,12,23,23
1993,12,24,24
1993,12,25,25
1993,12,26,26
1993,12,27,27
1993,12,28,28
1993,12,29,29
1993,12,30,30
1993,12,31,31
1994,1,1,1
1994,1,2,2
1994,1,3,3
1994,1,4,4
1994,1,5,5
1994,1,6,6
1994,1,7,7
1994,1,8,8
1994,1,9,9
1994,1,10,10
1994,1,11,11
1994,1,12,12
1994,1,13,13
1994,1,14,14
1994,1,15,15
1994,1,16,16
1994,1,17,17
1994,1,18,18
1994,1,19,19
1994,1,20,20
1994,1,21,21
1994,1,22,22
1994,1,23,23
1994,1,24,24
1994,1,25,25
1994,1,26,26
1994,1,27,27
1994,1,28,28
1994,1,29,29
1994,1,30,30
1994,1,31,31
1994,2,1,1
1994,2,2,2
1994,2,3,3
1994,2,4,4
1994,2,5,5
1994,2,6,6
1994,2,7,7
1994,2,8,8
1994,2,9,9
1994,2,10,10
1994,2,11,11
1994,2,12,12
1994,2,13,13
1994,2,14,14
1994,2,15,15
1994,2,16,16
1994,2,17,17
1994,2,18,18
1994,2,19,19
1994,2,20,20
1994,2,21,21
1994,2,22,22
1994,2,23,23
1994,2,24,24
1994,2,25,25
1994,2,26,26
1994,2,27,27
1994,2,28,28
1994,3,1,1
1994,3,2,2
1994,3,3,3
1994,3,4,4
1994,3,5,5
1994,3,6,6
1994,3,7,7
1994,3,8,8
1994,3,9,9
1994,3,10,10
1994,3,11,11
1994,3,12,12
1994,3,13,13
1994,3,14,14
1994,3,15,15
1994,3,16,16
1994,3,17,17
1994,3,18,18
1994,3,19,19
1994,3,20,20
1994,3,21,21
1994,3,22,22
1994,3,23,23
1994,3,24,24
1994,3,25,25
1994,3,26,26
1994,3,27,27
1994,3,28,28
1994,3,29,29
1994,3,30,30
1994,3,31,31
1994,4,1,1
1994,4,2,2
1994,4,3,3
1994,4,4,4
1994,4,5,5
1994,4,6,6
1994,4,7,7
1994,4,8,8
1994,4,9,9
1994,4,10,10
1994,4,11,11
1994,4,12,12
1994,4,13,13
1994,4,14,14
1994,4,15,15
1994,4,16,16
1994,4,17,17
1994,4,18,18
1994,4,19,19
1994,4,20,20
1994,4,21,21
1994,4,22,22
1994,4,23,23
1994,4,24,24
1994,4,25,25
1994,4,26,26
1994,4,27,27
1994,4,28,28
1994,4,29,29
1994,4,30,30
1994,5,1,1
1994,5,2,2
1994,5,3,3
1994,5,4,4
1994,5,5,5
1994,5,6,6
1994,5,7,7
1994,5,8,8
1994,5,9,9
1994,5,10,10
1994,5,11,11
1994,5,12,12
1994,5,13,13
1994,5,14,14
1994,5,15,15
1994,5,16,16
1994,5,17,17
1994,5,18,18
1994,5,19,19
1994,5,20,20
1994,5,21,21
1994,5,22,22
1994,5,23,23
1994,5,24,24
1994,5,25,25
1994,5,26,26
1994,5,27,27
1994,5,28,28
1994,5,29,29
1994,5,30,30
1994,5,31,31
1994,6,1,1
1994,6,2,2
1994,6,3,3
1994,6,4,4
1994,6,5,5
1994,6,6,6
1994,6,7,7
1994,6,8,8
1994,6,9,9
1994,6,10,10
1994,6,11,11
1994,6,12,12
1994,6,13,13
1994,6,14,14
1994,6,15,15
1994,6,16,16
1994,6,17,17
1994,6,18,18
1994,6,19,19
1994,6,20,20
1994,6,21,21
1994,6,22,22
1994,6,23,23
1994,6,24,24
1994,6,25,25
1994,6,26,26
1994,6,27,27
1994,6,28,28
1994,6,29,29
1994,6,30,30
1994,7,1,1
1994,7,2,2
1994,7,3,3
1994,7,4,4
1994,7,5,5
1994,7,6,6
1994,7,7,7
1994,7,8,8
1994,7,9,9
1994,7,10,10
1994,7,11,11
1994,7,12,12
1994,7,13,13
1994,7,14,14
1994,7,15,15
1994,7,16,16
1994,7,17,17
1994,7,18,18
1994,7,19,19
1994,7,20,20
1994,7,21,21
1994,7,22,22
1994,7,23,23
1994,7,24,24
1994,7,25,25
1994,7,26,26
1994,7,27,27
1994,7,28,28
1994,7,29,29
1994,7,30,30
1994,7,31,31
1994,8,1,1
1994,8,2,2
1994,8,3,3
1994,8,4,4
1994,8,5,5
1994,8,6,6
1994,8,7,7
1994,8,8,8
1994,8,9,9
1994,8,10,10
1994,8,11,11
1994,8,12,12
1994,8,13,13
1994,8,14,14
1994,8,15,15
1994,8,16,16
1994,8,17,17
1994,8,18,18
1994,8,19,19
1994,8,20,20
1994,8,21,21
1994,8,22,22
1994,8,23,23
1994,8,24,24
1994,8,25,25
1994,8,26,26
1994,8,27,27
1994,8,28,28
1994,8,29,29
1994,8,30,30
1994,8,31,31
1994,9,1,1
1994,9,2,2
1994,9,3,3
1994,9,4,4
1994,9,5,5
1994,9,6,6
1994,9,7,7
1994,9,8,8
1994,9,9,9
1994,9,10,10
1994,9,11,11
1994,9,12,12
1994,9,13,13
1994,9,14,14
1994,9,15,15
1994,9,16,16
1994,9,17,17
1994,9,18,18
1994,9,19,19
1994,9,20,20
1994,9,21,21
1994,9,22,22
1994,9,23,23
1994,9,24,24
1994,9,25,25
1994,9,26,26
1994,9,27,27
1994,9,28,28
1994,9,29,29
1994,9,30,30
1994,10,1,1
1994,10,2,2
1994,10,3,3
1994,10,4,4
1994,10,5,5
1994,10,6,6
1994,10,7,7
1994,10,8,8
1994,10,9,9
1994,10,10,10
1994,10,11,11
1994,10,12,12
1994,10,13,13
1994,10,14,14
1994,10,15,15
1994,10,16,16
1994,10,17,17
1994,10,18,18
1994,10,19,19
1994,10,20,20
1994,10,21,21
1994,10,22,22
1994,10,23,23
1994,10,24,24
1994,10,25,25
1994,10,26,26
1994,10,27,27
1994,10,28,28
1994,10,29,29
1994,10,30,30
1994,10,31,31
1994,11,1,1
1994,11,2,2
1994,11,3,3
1994,11,4,4
1994,11,5,5
1994,11,6,6
1994,11,7,7
1994,11,8,8
1994,11,9,9
1994,11,10,10
1994,11,11,11
1994,11,12,12
1994,11,13,13
1994,11,14,14
1994,11,15,15
1994,11,16,16
1994,11,17,17
1994,11,18,18
1994,11,19,19
1994,11,20,20
1994,11,21,21
1994,11,22,22
1994,11,23,23
1994,11,24,24
1994,11,25,25
1994,11,26,26
1994,11,27,27
1994,11,28,28
1994,11,29,29
1994,11,30,30
1994,12,1,1
1994,12,2,2
1994,12,3,3
1994,12,4,4
1994,12,5,5
1994,12,6,6
1994,12,7,7
1994,12,8,8
1994,12,9,9
1994,12,10,10
1994,12,11,11
1994,12,12,12
1994,12,13,13
1994,12,14,14
1994,12,15,15
1994,12,16,16
1994,12,17,17
1994,12,18,18
1994,12,19,19
1994,12,20,20
1994,12,21,21
1994,12,22,22
1994,12,23,23
1994,12,24,24
1994,12,25,25
1994,12,26,26
1994,12,27,27
1994,12,28,28
1994,12,29,29
1994,12,30,30
1994,12,31,31
1995,1,1,1
1995,1,2,2
1995,1,3,3
1995,1,4,4
1995,1,5,5
1995,1,6,6
1995,1,7,7
1995,1,8,8
1995,1,9,9
1995,1,10,10
1995,1,11,11
1995,1,12,12
1995,1,13,13
1995,1,14,14
1995,1,15,15
1995,1,16,16
1995,1,17,17
1995,1,18,18
1995,1,19,19
1995,1,20,20
1995,1,21,21
1995,1,22,22
1995,1,23,23
1995,1,24,24
1995,1,25,25
1995,1,26,26
1995,1,27,27
1995,1,28,28
1995,1,29,29
1995,1,30,30
1995,1,31,31
1995,2,1,1
1995,2,2,2
1995,2,3,3
1995,2,4,4
1995,2,5,5
1995,2,6,6
1995,2,7,7
1995,2,8,8
1995,2,9,9
1995,2,10,10
1995,2,11,11
1995,2,12,12
1995,2,13,13
1995,2,14,14
1995,2,15,15
1995,2,16,16
1995,2,17,17
1995,2,18,18
1995,2,19,19
1995,2,20,20
1995,2,21,21
1995,2,22,22
1995,2,23,23
1995,2,24,24
1995,2,25,25
1995,2,26,26
1995,2,27,27
1995,2,28,28
1995,3,1,1
1995,3,2,2
1995,3,3,3
1995,3,4,4
1995,3,5,5
1995,3,6,6
1995,3,7,7
1995,3,8,8
1995,3,9,9
1995,3,10,10
1995,3,11,11
1995,3,12,12
1995,3,13,13
1995,3,14,14
1995,3,15,15
1995,3,16,16
1995,3,17,17
1995,3,18,18
1995,3,19,19
1995,3,20,20
1995,3,21,21
1995,3,22,22
1995,3,23,23
1995,3,24,24
1995,3,25,25
1995,3,26,26
1995,3,27,27
1995,3,28,28
1995,3,29,29
1995,3,30,30
1995,3,31,31
1995,4,1,1
1995,4,2,2
1995,4,3,3
1995,4,4,4
1995,4,5,5
1995,4,6,6
1995,4,7,7
1995,4,8,8
1995,4,9,9
1995,4,10,10
1995,4,11,11
1995,4,12,12
1995,4,13,13
1995,4,14,14
1995,4,15,15
1995,4,16,16
1995,4,17,17
1995,4,18,18
1995,4,19,19
1995,4,20,20
1995,4,21,21
1995,4,22,22
1995,4,23,23
1995,4,24,24
1995,4,25,25
1995,4,26,26
1995,4,27,27
1995,4,28,28
1995,4,29,29
1995,4,30,30
1995,5,1,1
1995,5,2,2
1995,5,3,3
1995,5,4,4
1995,5,5,5
1995,5,6,6
1995,5,7,7
1995,5,8,8
1995,5,9,9
1995,5,10,10
1995,5,11,11
1995,5,12,12
1995,5,13,13
1995,5,14,14
1995,5,15,15
1995,5,16,16
1995,5,17,17
1995,5,18,18
1995,5,19,19
1995,5,20,20
1995,5,21,21
1995,5,22,22
1995,5,23,23
1995,5,24,24
1995,5,25,25
1995,5,26,26
1995,5,27,27
1995,5,28,28
1995,5,29,29
1995,5,30,30
1995,5,31,31
1995,6,1,1
1995,6,2,2
1995,6,3,3
1995,6,4,4
1995,6,5,5
1995,6,6,6
1995,6,7,7
1995,6,8,8
1995,6,9,9
1995,6,10,10
1995,6,11,11
1995,6,12,12
1995,6,13,13
1995,6,14,14
1995,6,15,15
1995,6,16,16
1995,6,17,17
1995,6,18,18
1995,6,19,19
1995,6,20,20
1995,6,21,21
1995,6,22,22
1995,6,23,23
1995,6,24,24
1995,6,25,25
1995,6,26,26
1995,6,27,27
1995,6,28,28
1995,6,29,29
1995,6,30,30
1995,7,1,1
1995,7,2,2
1995,7,3,3
1995,7,4,4
1995,7,5,5
1995,7,6,6
1995,7,7,7
1995,7,8,8
1995,7,9,9
1995,7,10,10
1995,7,11,11
1995,7,12,12
1995,7,13,13
1995,7,14,14
1995,7,15,15
1995,7,16,16
1995,7,17,17
1995,7,18,18
1995,7,19,19
1995,7,20,20
1995,7,21,21
1995,7,22,22
1995,7,23,23
1995,7,24,24
1995,7,25,25
1995,7,26,26
1995,7,27,27
1995,7,28,28
1995,7,29,29
1995,7,30,30
1995,7,31,31
1995,8,1,1
1995,8,2,2
1995,8,3,3
1995,8,4,4
1995,8,5,5
1995,8,6,6
1995,8,7,7
1995,8,8,8
1995,8,9,9
1995,8,10,10
1995,8,11,11
1995,8,12,12
1995,8,13,13
1995,8,14,14
1995,8,15,15
1995,8,16,16
1995,8,17,17
1995,8,18,18
1995,8,19,19
1995,8,20,20
1995,8,21,21
1995,8,22,22
1995,8,23,23
1995,8,24,24
1995,8,25,25
1995,8,26,26
1995,8,27,27
1995,8,28,28
1995,8,29,29
1995,8,30,30
1995,8,31,31
1995,9,1,1
1995,9,2,2
1995,9,3,3
1995,9,4,4
1995,9,5,5
1995,9,6,6
1995,9,7,7
1995,9,8,8
1995,9,9,9
1995,9,10,10
1995,9,11,11
1995,9,12,12
1995,9,13,13
1995,9,14,14
1995,9,15,15
1995,9,16,16
1995,9,17,17
1995,9,18,18
1995,9,19,19
1995,9,20,20
1995,9,21,21
1995,9,22,22
1995,9,23,23
1995,9,24,24
1995,9,25,25
1995,9,26,26
1995,9,27,27
1995,9,28,28
1995,9,29,29
1995,9,30,30
1995,10,1,1
1995,10,2,2
1995,10,3,3
1995,10,4,4
1995,10,5,5
1995,10,6,6
1995,10,7,7
1995,10,8,8
1995,10,9,9
1995,10,10,10
1995,10,11,11
1995,10,12,12
1995,10,13,13
1995,10,14,14
1995,10,15,15
1995,10,16,16
1995,10,17,17
1995,10,18,18
1995,10,19,19
1995,10,20,20
1995,10,21,21
1995,10,22,22
1995,10,23,23
1995,10,24,24
1995,10,25,25
1995,10,26,26
1995,10,27,27
1995,10,28,28
1995,10,29,29
1995,10,30,30
1995,10,31,31
1995,11,1,1
1995,11,2,2
1995,11,3,3
1995,11,4,4
1995,11,5,5
1995,11,6,6
1995,11,7,7
1995,11,8,8
1995,11,9,9
1995,11,10,10
1995,11,11,11
1995,11,12,12
1995,11,13,13
1995,11,14,14
1995,11,15,15
1995,11,16,16
1995,11,17,17
1995,11,18,18
1995,11,19,19
1995,11,20,20
1995,11,21,21
1995,11,22,22
1995,11,23,23
1995,11,24,24
1995,11,25,25
1995,11,26,26
1995,11,27,27
1995,11,28,28
1995,11,29,29
1995,11,30,30
1995,12,1,1
1995,12,2,2
1995,12,3,3
1995,12,4,4
1995,12,5,5
1995,12,6,6
1995,12,7,7
1995,12,8,8
1995,12,9,9
1995,12,10,10
1995,12,11,11
1995,12,12,12
1995,12,13,13
1995,12,14,14
1995,12,15,15
1995,12,16,16
1995,12,17,17
1995,12,18,18
1995,12,19,19
1995,12,20,20
1995,12,21,21
1995,12,22,22
1995,12,23,23
1995,12,24,24
1995,12,25,25
1995,12,26,26
1995,12,27,27
1995,12,28,28
1995,12,29,29
1995,12,30,30
1995,12,31,31
1996,1,1,1
1996,1,2,2
1996,1,3,3
1996,1,4,4
1996,1,5,5
1996,1,6,6
1996,1,7,7
1996,1,8,8
1996,1,9,9
1996,1,10,10
1996,1,11,11
1996,1,12,12
1996,1,13,13
1996,1,14,14
1996,1,15,15
1996,1,16,16
1996,1,17,17
1996,1,18,18
1996,1,19,19
1996,1,20,20
1996,1,21,21
1996,1,22,22
1996,1,23,23
1996,1,24,24
1996,1,25,25
1996,1,26,26
1996,1,27,27
1996,1,28,28
1996,1,29,29
1996,1,30,30
1996,1,31,31
1996,2,1,1
1996,2,2,2
1996,2,3,3
1996,2,4,4
1996,2,5,5
1996,2,6,6
1996,2,7,7
1996,2,8,8
1996,2,9,9
1996,2,10,10
1996,2,11,11
1996,2,12,12
1996,2,13,13
1996,2,14,14
1996,2,15,15
1996,2,16,16
1996,2,17,17
1996,2,18,18
1996,2,19,19
1996,2,20,20
1996,2,21,21
1996,2,22,22
1996,2,23,23
1996,2,24,24
1996,2,25,25
1996,2,26,26
1996,2,27,27
1996,2,28,28
1996,2,29,29
1996,3,1,1
1996,3,2,2
1996,3,3,3
1996,3,4,4
1996,3,5,5
1996,3,6,6
1996,3,7,7
1996,3,8,8
1996,3,9,9
1996,3,10,10
1996,3,11,11
1996,3,12,12
1996,3,13,13
1996,3,14,14
1996,3,15,15
1996,3,16,16
1996,3,17,17
1996,3,18,18
1996,3,19,19
1996,3,20,20
1996,3,21,21
1996,3,22,22
1996,3,23,23
1996,3,24,24
1996,3,25,25
1996,3,26,26
1996,3,27,27
1996,3,28,28
1996,3,29,29
1996,3,30,30
1996,3,31,31
1996,4,1,1
1996,4,2,2
1996,4,3,3
1996,4,4,4
1996,4,5,5
1996,4,6,6
1996,4,7,7
1996,4,8,8
1996,4,9,9
1996,4,10,10
1996,4,11,11
1996,4,12,12
1996,4,13,13
1996,4,14,14
1996,4,15,15
1996,4,16,16
1996,4,17,17
1996,4,18,18
1996,4,19,19
1996,4,20,20
1996,4,21,21
1996,4,22,22
1996,4,23,23
1996,4,24,24
1996,4,25,25
1996,4,26,26
1996,4,27,27
1996,4,28,28
1996,4,29,29
1996,4,30,30
1996,5,1,1
1996,5,2,2
1996,5,3,3
1996,5,4,4
1996,5,5,5
1996,5,6,6
1996,5,7,7
1996,5,8,8
1996,5,9,9
1996,5,10,10
1996,5,11,11
1996,5,12,12
1996,5,13,13
1996,5,14,14
1996,5,15,15
1996,5,16,16
1996,5,17,17
1996,5,18,18
1996,5,19,19
1996,5,20,20
1996,5,21,21
1996,5,22,22
1996,5,23,23
1996,5,24,24
1996,5,25,25
1996,5,26,26
1996,5,27,27
1996,5,28,28
1996,5,29,29
1996,5,30,30
1996,5,31,31
1996,6,1,1
1996,6,2,2
1996,6,3,3
1996,6,4,4
1996,6,5,5
1996,6,6,6
1996,6,7,7
1996,6,8,8
1996,6,9,9
1996,6,10,10
1996,6,11,11
1996,6,12,12
1996,6,13,13
1996,6,14,14
1996,6,15,15
1996,6,16,16
1996,6,17,17
1996,6,18,18
1996,6,19,19
1996,6,20,20
1996,6,21,21
1996,6,22,22
1996,6,23,23
1996,6,24,24
1996,6,25,25
1996,6,26,26
1996,6,27,27
1996,6,28,28
1996,6,29,29
1996,6,30,30
1996,7,1,1
1996,7,2,2
1996,7,3,3
1996,7,4,4
1996,7,5,5
1996,7,6,6
1996,7,7,7
1996,7,8,8
1996,7,9,9
1996,7,10,10
1996,7,11,11
1996,7,12,12
1996,7,13,13
1996,7,14,14
1996,7,15,15
1996,7,16,16
1996,7,17,17
1996,7,18,18
1996,7,19,19
1996,7,20,20
1996,7,21,21
1996,7,22,22
1996,7,23,23
1996,7,24,24
1996,7,25,25
1996,7,26,26
1996,7,27,27
1996,7,28,28
1996,7,29,29
1996,7,30,30
1996,7,31,31
1996,8,1,1
1996,8,2,2
1996,8,3,3
1996,8,4,4
1996,8,5,5
1996,8,6,6
1996,8,7,7
1996,8,8,8
1996,8,9,9
1996,8,10,10
1996,8,11,11
1996,8,12,12
1996,8,13,13
1996,8,14,14
1996,8,15,15
1996,8,16,16
1996,8,17,17
1996,8,18,18
1996,8,19,19
1996,8,20,20
1996,8,21,21
1996,8,22,22
1996,8,23,23
1996,8,24,24
1996,8,25,25
1996,8,26,26
1996,8,27,27
1996,8,28,28
1996,8,29,29
1996,8,30,30
1996,8,31,31
1996,9,1,1
1996,9,2,2
1996,9,3,3
1996,9,4,4
1996,9,5,5
1996,9,6,6
1996,9,7,7
1996,9,8,8
1996,9,9,9
1996,9,10,10
1996,9,11,11
1996,9,12,12
1996,9,13,13
1996,9,14,14
1996,9,15,15
1996,9,16,16
1996,9,17,17
1996,9,18,18
1996,9,19,19
1996,9,20,20
1996,9,21,21
1996,9,22,22
1996,9,23,23
1996,9,24,24
1996,9,25,25
1996,9,26,26
1996,9,27,27
1996,9,28,28
1996,9,29,29
1996,9,30,30
1996,10,1,1
1996,10,2,2
1996,10,3,3
1996,10,4,4
1996,10,5,5
1996,10,6,6
1996,10,7,7
1996,10,8,8
1996,10,9,9
1996,10,10,10
1996,10,11,11
1996,10,12,12
1996,10,13,13
1996,10,14,14
1996,10,15,15
1996,10,16,16
1996,10,17,17
1996,10,18,18
1996,10,19,19
1996,10,20,20
1996,10,21,21
1996,10,22,22
1996,10,23,23
1996,10,24,24
1996,10,25,25
1996,10,26,26
1996,10,27,27
1996,10,28,28
1996,10,29,29
1996,10,30,30
1996,10,31,31
1996,11,1,1
1996,11,2,2
1996,11,3,3
1996,11,4,4
1996,11,5,5
1996,11,6,6
1996,11,7,7
1996,11,8,8
1996,11,9,9
1996,11,10,10
1996,11,11,11
1996,11,12,12
1996,11,13,13
1996,11,14,14
1996,11,15,15
1996,11,16,16
1996,11,17,17
1996,11,18,18
1996,11,19,19
1996,11,20,20
1996,11,21,21
1996,11,22,22
1996,11,23,23
1996,11,24,24
1996,11,25,25
1996,11,26,26
1996,11,27,27
1996,11,28,28
1996,11,29,29
1996,11,30,30
1996,12,1,1
1996,12,2,2
1996,12,3,3
1996,12,4,4
1996,12,5,5
1996,12,6,6
1996,12,7,7
1996,12,8,8
1996,12,9,9
1996,12,10,10
1996,12,11,11
1996,12,12,12
1996,12,13,13
1996,12,14,14
1996,12,15,15
1996,12,16,16
1996,12,17,17
1996,12,18,18
1996,12,19,19
1996,12,20,20
1996,12,21,21
1996,12,22,22
1996,12,23,23
1996,12,24,24
1996,12,25,25
1996,12,26,26
1996,12,27,27
1996,12,28,28
1996,12,29,29
1996,12,30,30
1996,12,31,31
1997,1,1,1
1997,1,2,2
1997,1,3,3
1997,1,4,4
1997,1,5,5
1997,1,6,6
1997,1,7,7
1997,1,8,8
1997,1,9,9
1997,1,10,10
1997,1,11,11
1997,1,12,12
1997,1,13,13
1997,1,14,14
1997,1,15,15
1997,1,16,16
1997,1,17,17
1997,1,18,18
1997,1,19,19
1997,1,20,20
1997,1,21,21
1997,1,22,22
1997,1,23,23
1997,1,24,24
1997,1,25,25
1997,1,26,26
1997,1,27,27
1997,1,28,28
1997,1,29,29
1997,1,30,30
1997,1,31,31
1997,2,1,1
1997,2,2,2
1997,2,3,3
1997,2,4,4
1997,2,5,5
1997,2,6,6
1997,2,7,7
1997,2,8,8
1997,2,9,9
1997,2,10,10
1997,2,11,11
1997,2,12,12
1997,2,13,13
1997,2,14,14
1997,2,15,15
1997,2,16,16
1997,2,17,17
1997,2,18,18
1997,2,19,19
1997,2,20,20
1997,2,21,21
1997,2,22,22
1997,2,23,23
1997,2,24,24
1997,2,25,25
1997,2,26,26
1997,2,27,27
1997,2,28,28
1997,3,1,1
1997,3,2,2
1997,3,3,3
1997,3,4,4
1997,3,5,5
1997,3,6,6
1997,3,7,7
1997,3,8,8
1997,3,9,9
1997,3,10,10
1997,3,11,11
1997,3,12,12
1997,3,13,13
1997,3,14,14
1997,3,15,15
1997,3,16,16
1997,3,17,17
1997,3,18,18
1997,3,19,19
1997,3,20,20
1997,3,21,21
1997,3,22,22
1997,3,23,23
1997,3,24,24
1997,3,25,25
1997,3,26,26
1997,3,27,27
1997,3,28,28
1997,3,29,29
1997,3,30,30
1997,3,31,31
1997,4,1,1
1997,4,2,2
1997,4,3,3
1997,4,4,4
1997,4,5,5
1997,4,6,6
1997,4,7,7
1997,4,8,8
1997,4,9,9
1997,4,10,10
1997,4,11,11
1997,4,12,12
1997,4,13,13
1997,4,14,14
1997,4,15,15
1997,4,16,16
1997,4,17,17
1997,4,18,18
1997,4,19,19
1997,4,20,20
1997,4,21,21
1997,4,22,22
1997,4,23,23
1997,4,24,24
1997,4,25,25
1997,4,26,26
1997,4,27,27
1997,4,28,28
1997,4,29,29
1997,4,30,30
1997,5,1,1
1997,5,2,2
1997,5,3,3
1997,5,4,4
1997,5,5,5
1997,5,6,6
1997,5,7,7
1997,5,8,8
1997,5,9,9
1997,5,10,10
1997,5,11,11
1997,5,12,12
1997,5,13,13
1997,5,14,14
1997,5,15,15
1997,5,16,16
1997,5,17,17
1997,5,18,18
1997,5,19,19
1997,5,20,20
1997,5,21,21
1997,5,22,22
1997,5,23,23
1997,5,24,24
1997,5,25,25
1997,5,26,26
1997,5,27,27
1997,5,28,28
1997,5,29,29
1997,5,30,30
1997,5,31,31
1997,6,1,1
1997,6,2,2
1997,6,3,3
1997,6,4,4
1997,6,5,5
1997,6,6,6
1997,6,7,7
1997,6,8,8
1997,6,9,9
1997,6,10,10
1997,6,11,11
1997,6,12,12
1997,6,13,13
1997,6,14,14
1997,6,15,15
1997,6,16,16
1997,6,17,17
1997,6,18,18
1997,6,19,19
1997,6,20,20
1997,6,21,21
1997,6,22,22
1997,6,23,23
1997,6,24,24
1997,6,25,25
1997,6,26,26
1997,6,27,27
1997,6,28,28
1997,6,29,29
1997,6,30,30
1997,7,1,1
1997,7,2,2
1997,7,3,3
1997,7,4,4
1997,7,5,5
1997,7,6,6
1997,7,7,7
1997,7,8,8
1997,7,9,9
1997,7,10,10
1997,7,11,11
1997,7,12,12
1997,7,13,13
1997,7,14,14
1997,7,15,15
1997,7,16,16
1997,7,17,17
1997,7,18,18
1997,7,19,19
1997,7,20,20
1997,7,21,21
1997,7,22,22
1997,7,23,23
1997,7,24,24
1997,7,25,25
1997,7,26,26
1997,7,27,27
1997,7,28,28
1997,7,29,29
1997,7,30,30
1997,7,31,31
1997,8,1,1
1997,8,2,2
1997,8,3,3
1997,8,4,4
1997,8,5,5
1997,8,6,6
1997,8,7,7
1997,8,8,8
1997,8,9,9
1997,8,10,10
1997,8,11,11
1997,8,12,12
1997,8,13,13
1997,8,14,14
1997,8,15,15
1997,8,16,16
1997,8,17,17
1997,8,18,18
1997,8,19,19
1997,8,20,20
1997,8,21,21
1997,8,22,22
1997,8,23,23
1997,8,24,24
1997,8,25,25
1997,8,26,26
1997,8,27,27
1997,8,28,28
1997,8,29,29
1997,8,30,30
1997,8,31,31
1997,9,1,1
1997,9,2,2
1997,9,3,3
1997,9,4,4
1997,9,5,5
1997,9,6,6
1997,9,7,7
1997,9,8,8
1997,9,9,9
1997,9,10,10
1997,9,11,11
1997,9,12,12
1997,9,13,13
1997,9,14,14
1997,9,15,15
1997,9,16,16
1997,9,17,17
1997,9,18,18
1997,9,19,19
1997,9,20,20
1997,9,21,21
1997,9,22,22
1997,9,23,23
1997,9,24,24
1997,9,25,25
1997,9,26,26
1997,9,27,27
1997,9,28,28
1997,9,29,29
1997,9,30,30
1997,10,1,1
1997,10,2,2
1997,10,3,3
1997,10,4,4
1997,10,5,5
1997,10,6,6
1997,10,7,7
1997,10,8,8
1997,10,9,9
1997,10,10,10
1997,10,11,11
1997,10,12,12
1997,10,13,13
1997,10,14,14
1997,10,15,15
1997,10,16,16
1997,10,17,17
1997,10,18,18
1997,10,19,19
1997,10,20,20
1997,10,21,21
1997,10,22,22
1997,10,23,23
1997,10,24,24
1997,10,25,25
1997,10,26,26
1997,10,27,27
1997,10,28,28
1997,10,29,29
1997,10,30,30
1997,10,31,31
1997,11,1,1
1997,11,2,2
1997,11,3,3
1997,11,4,4
1997,11,5,5
1997,11,6,6
1997,11,7,7
1997,11,8,8
1997,11,9,9
1997,11,10,10
1997,11,11,11
1997,11,12,12
1997,11,13,13
1997,11,14,14
1997,11,15,15
1997,11,16,16
1997,11,17,17
1997,11,18,18
1997,11,19,19
1997,11,20,20
1997,11,21,21
1997,11,22,22
1997,11,23,23
1997,11,24,24
1997,11,25,25
1997,11,26,26
1997,11,27,27
1997,11,28,28
1997,11,29,29
1997,11,30,30
1997,12,1,1
1997,12,2,2
1997,12,3,3
1997,12,4,4
1997,12,5,5
1997,12,6,6
1997,12,7,7
1997,12,8,8
1997,12,9,9
1997,12,10,10
1997,12,11,11
1997,12,12,12
1997,12,13,13
1997,12,14,14
1997,12,15,15
1997,12,16,16
1997,12,17,17
1997,12,18,18
1997,12,19,19
1997,12,20,20
1997,12,21,21
1997,12,22,22
1997,12,23,23
1997,12,24,24
1997,12,25,25
1997,12,26,26
1997,12,27,27
1997,12,28,28
1997,12,29,29
1997,12,30,30
1997,12,31,31
1998,1,1,1
1998,1,2,2
1998,1,3,3
1998,1,4,4
1998,1,5,5
1998,1,6,6
1998,1,7,7
1998,1,8,8
1998,1,9,9
1998,1,10,10
1998,1,11,11
1998,1,12,12
1998,1,13,13
1998,1,14,14
1998,1,15,15
1998,1,16,16
1998,1,17,17
1998,1,18,18
1998,1,19,19
1998,1,20,20
1998,1,21,21
1998,1,22,22
1998,1,23,23
1998,1,24,24
1998,1,25,25
1998,1,26,26
1998,1,27,27
1998,1,28,28
1998,1,29,29
1998,1,30,30
1998,1,31,31
1998,2,1,1
1998,2,2,2
1998,2,3,3
1998,2,4,4
1998,2,5,5
1998,2,6,6
1998,2,7,7
1998,2,8,8
1998,2,9,9
1998,2,10,10
1998,2,11,11
1998,2,12,12
1998,2,13,13
1998,2,14,14
1998,2,15,15
1998,2,16,16
1998,2,17,17
1998,2,18,18
1998,2,19,19
1998,2,20,20
1998,2,21,21
1998,2,22,22
1998,2,23,23
1998,2,24,24
1998,2,25,25
1998,2,26,26
1998,2,27,27
1998,2,28,28
1998,3,1,1
1998,3,2,2
1998,3,3,3
1998,3,4,4
1998,3,5,5
1998,3,6,6
1998,3,7,7
1998,3,8,8
1998,3,9,9
1998,3,10,10
1998,3,11,11
1998,3,12,12
1998,3,13,13
1998,3,14,14
1998,3,15,15
1998,3,16,16
1998,3,17,17
1998,3,18,18
1998,3,19,19
1998,3,20,20
1998,3,21,21
1998,3,22,22
1998,3,23,23
1998,3,24,24
1998,3,25,25
1998,3,26,26
1998,3,27,27
1998,3,28,28
1998,3,29,29
1998,3,30,30
1998,3,31,31
1998,4,1,1
1998,4,2,2
1998,4,3,3
1998,4,4,4
1998,4,5,5
1998,4,6,6
1998,4,7,7
1998,4,8,8
1998,4,9,9
1998,4,10,10
1998,4,11,11
1998,4,12,12
1998,4,13,13
1998,4,14,14
1998,4,15,15
1998,4,16,16
1998,4,17,17
1998,4,18,18
1998,4,19,19
1998,4,20,20
1998,4,21,21
1998,4,22,22
1998,4,23,23
1998,4,24,24
1998,4,25,25
1998,4,26,26
1998,4,27,27
1998,4,28,28
1998,4,29,29
1998,4,30,30
1998,5,1,1
1998,5,2,2
1998,5,3,3
1998,5,4,4
1998,5,5,5
1998,5,6,6
1998,5,7,7
1998,5,8,8
1998,5,9,9
1998,5,10,10
1998,5,11,11
1998,5,12,12
1998,5,13,13
1998,5,14,14
1998,5,15,15
1998,5,16,16
1998,5,17,17
1998,5,18,18
1998,5,19,19
1998,5,20,20
1998,5,21,21
1998,5,22,22
1998,5,23,23
1998,5,24,24
1998,5,25,25
1998,5,26,26
1998,5,27,27
1998,5,28,28
1998,5,29,29
1998,5,30,30
1998,5,31,31
1998,6,1,1
1998,6,2,2
1998,6,3,3
1998,6,4,4
1998,6,5,5
1998,6,6,6
1998,6,7,7
1998,6,8,8
1998,6,9,9
1998,6,10,10
1998,6,11,11
1998,6,12,12
1998,6,13,13
1998,6,14,14
1998,6,15,15
1998,6,16,16
1998,6,17,17
1998,6,18,18
1998,6,19,19
1998,6,20,20
1998,6,21,21
1998,6,22,22
1998,6,23,23
1998,6,24,24
1998,6,25,25
1998,6,26,26
1998,6,27,27
1998,6,28,28
1998,6,29,29
1998,6,30,30
1998,7,1,1
1998,7,2,2
1998,7,3,3
1998,7,4,4
1998,7,5,5
1998,7,6,6
1998,7,7,7
1998,7,8,8
1998,7,9,9
1998,7,10,10
1998,7,11,11
1998,7,12,12
1998,7,13,13
1998,7,14,14
1998,7,15,15
1998,7,16,16
1998,7,17,17
1998,7,18,18
1998,7,19,19
1998,7,20,20
1998,7,21,21
1998,7,22,22
1998,7,23,23
1998,7,24,24
1998,7,25,25
1998,7,26,26
1998,7,27,27
1998,7,28,28
1998,7,29,29
1998,7,30,30
1998,7,31,31
1998,8,1,1
1998,8,2,2
1998,8,3,3
1998,8,4,4
1998,8,5,5
1998,8,6,6
1998,8,7,7
1998,8,8,8
1998,8,9,9
1998,8,10,10
1998,8,11,11
1998,8,12,12
1998,8,13,13
1998,8,14,14
1998,8,15,15
1998,8,16,16
1998,8,17,17
1998,8,18,18
1998,8,19,19
1998,8,20,20
1998,8,21,21
1998,8,22,22
1998,8,23,23
1998,8,24,24
1998,8,25,25
1998,8,26,26
1998,8,27,27
1998,8,28,28
1998,8,29,29
1998,8,30,30
1998,8,31,31
1998,9,1,1
1998,9,2,2
1998,9,3,3
1998,9,4,4
1998,9,5,5
1998,9,6,6
1998,9,7,7
1998,9,8,8
1998,9,9,9
1998,9,10,10
1998,9,11,11
1998,9,12,12
1998,9,13,13
1998,9,14,14
1998,9,15,15
1998,9,16,16
1998,9,17,17
1998,9,18,18
1998,9,19,19
1998,9,20,20
1998,9,21,21
1998,9,22,22
1998,9,23,23
1998,9,24,24
1998,9,25,25
1998,9,26,26
1998,9,27,27
1998,9,28,28
1998,9,29,29
1998,9,30,30
1998,10,1,1
1998,10,2,2
1998,10,3,3
1998,10,4,4
1998,10,5,5
1998,10,6,6
1998,10,7,7
1998,10,8,8
1998,10,9,9
1998,10,10,10
1998,10,11,11
1998,10,12,12
1998,10,13,13
1998,10,14,14
1998,10,15,15
1998,10,16,16
1998,10,17,17
1998,10,18,18
1998,10,19,19
1998,10,20,20
1998,10,21,21
1998,10,22,22
1998,10,23,23
1998,10,24,24
1998,10,25,25
1998,10,26,26
1998,10,27,27
1998,10,28,28
1998,10,29,29
1998,10,30,30
1998,10,31,31
1998,11,1,1
1998,11,2,2
1998,11,3,3
1998,11,4,4
1998,11,5,5
1998,11,6,6
1998,11,7,7
1998,11,8,8
1998,11,9,9
1998,11,10,10
1998,11,11,11
1998,11,12,12
1998,11,13,13
1998,11,14,14
1998,11,15,15
1998,11,16,16
1998,11,17,17
1998,11,18,18
1998,11,19,19
1998,11,20,20
1998,11,21,21
1998,11,22,22
1998,11,23,23
1998,11,24,24
1998,11,25,25
1998,11,26,26
1998,11,27,27
1998,11,28,28
1998,11,29,29
1998,11,30,30
1998,12,1,1
1998,12,2,2
1998,12,3,3
1998,12,4,4
1998,12,5,5
1998,12,6,6
1998,12,7,7
1998,12,8,8
1998,12,9,9
1998,12,10,10
1998,12,11,11
1998,12,12,12
1998,12,13,13
1998,12,14,14
1998,12,15,15
1998,12,16,16
1998,12,17,17
1998,12,18,18
1998,12,19,19
1998,12,20,20
1998,12,21,21
1998,12,22,22
1998,12,23,23
1998,12,24,24
1998,12,25,25
1998,12,26,26
1998,12,27,27
1998,12,28,28
1998,12,29,29
1998,12,30,30
1998,12,31,31
1999,1,1,1
1999,1,2,2
1999,1,3,3
1999,1,4,4
1999,1,5,5
1999,1,6,6
1999,1,7,7
1999,1,8,8
1999,1,9,9
1999,1,10,10
1999,1,11,11
1999,1,12,12
1999,1,13,13
1999,1,14,14
1999,1,15,15
1999,1,16,16
1999,1,17,17
1999,1,18,18
1999,1,19,19
1999,1,20,20
1999,1,21,21
1999,1,22,22
1999,1,23,23
1999,1,24,24
1999,1,25,25
1999,1,26,26
1999,1,27,27
1999,1,28,28
1999,1,29,29
1999,1,30,30
1999,1,31,31
1999,2,1,1
1999,2,2,2
1999,2,3,3
1999,2,4,4
1999,2,5,5
1999,2,6,6
1999,2,7,7
1999,2,8,8
1999,2,9,9
1999,2,10,10
1999,2,11,11
1999,2,12,12
1999,2,13,13
1999,2,14,14
1999,2,15,15
1999,2,16,16
1999,2,17,17
1999,2,18,18
1999,2,19,19
1999,2,20,20
1999,2,21,21
1999,2,22,22
1999,2,23,23
1999,2,24,24
1999,2,25,25
1999,2,26,26
1999,2,27,27
1999,2,28,28
1999,3,1,1
1999,3,2,2
1999,3,3,3
1999,3,4,4
1999,3,5,5
1999,3,6,6
1999,3,7,7
1999,3,8,8
1999,3,9,9
1999,3,10,10
1999,3,11,11
1999,3,12,12
1999,3,13,13
1999,3,14,14
1999,3,15,15
1999,3,16,16
1999,3,17,17
1999,3,18,18
1999,3,19,19
1999,3,20,20
1999,3,21,21
1999,3,22,22
1999,3,23,23
1999,3,24,24
1999,3,25,25
1999,3,26,26
1999,3,27,27
1999,3,28,28
1999,3,29,29
1999,3,30,30
1999,3,31,31
1999,4,1,1
1999,4,2,2
1999,4,3,3
1999,4,4,4
1999,4,5,5
1999,4,6,6
1999,4,7,7
1999,4,8,8
1999,4,9,9
1999,4,10,10
1999,4,11,11
1999,4,12,12
1999,4,13,13
1999,4,14,14
1999,4,15,15
1999,4,16,16
1999,4,17,17
1999,4,18,18
1999,4,19,19
1999,4,20,20
1999,4,21,21
1999,4,22,22
1999,4,23,23
1999,4,24,24
1999,4,25,25
1999,4,26,26
1999,4,27,27
1999,4,28,28
1999,4,29,29
1999,4,30,30
1999,5,1,1
1999,5,2,2
1999,5,3,3
1999,5,4,4
1999,5,5,5
1999,5,6,6
1999,5,7,7
1999,5,8,8
1999,5,9,9
1999,5,10,10
1999,5,11,11
1999,5,12,12
1999,5,13,13
1999,5,14,14
1999,5,15,15
1999,5,16,16
1999,5,17,17
1999,5,18,18
1999,5,19,19
1999,5,20,20
1999,5,21,21
1999,5,22,22
1999,5,23,23
1999,5,24,24
1999,5,25,25
1999,5,26,26
1999,5,27,27
1999,5,28,28
1999,5,29,29
1999,5,30,30
1999,5,31,31
1999,6,1,1
1999,6,2,2
1999,6,3,3
1999,6,4,4
1999,6,5,5
1999,6,6,6
1999,6,7,7
1999,6,8,8
1999,6,9,9
1999,6,10,10
1999,6,11,11
1999,6,12,12
1999,6,13,13
1999,6,14,14
1999,6,15,15
1999,6,16,16
1999,6,17,17
1999,6,18,18
1999,6,19,19
1999,6,20,20
1999,6,21,21
1999,6,22,22
1999,6,23,23
1999,6,24,24
1999,6,25,25
1999,6,26,26
1999,6,27,27
1999,6,28,28
1999,6,29,29
1999,6,30,30
1999,7,1,1
1999,7,2,2
1999,7,3,3
1999,7,4,4
1999,7,5,5
1999,7,6,6
1999,7,7,7
1999,7,8,8
1999,7,9,9
1999,7,10,10
1999,7,11,11
1999,7,12,12
1999,7,13,13
1999,7,14,14
1999,7,15,15
1999,7,16,16
1999,7,17,17
1999,7,18,18
1999,7,19,19
1999,7,20,20
1999,7,21,21
1999,7,22,22
1999,7,23,23
1999,7,24,24
1999,7,25,25
1999,7,26,26
1999,7,27,27
1999,7,28,28
1999,7,29,29
1999,7,30,30
1999,7,31,31
1999,8,1,1
1999,8,2,2
1999,8,3,3
1999,8,4,4
1999,8,5,5
1999,8,6,6
1999,8,7,7
1999,8,8,8
1999,8,9,9
1999,8,10,10
1999,8,11,11
1999,8,12,12
1999,8,13,13
1999,8,14,14
1999,8,15,15
1999,8,16,16
1999,8,17,17
1999,8,18,18
1999,8,19,19
1999,8,20,20
1999,8,21,21
1999,8,22,22
1999,8,23,23
1999,8,24,24
1999,8,25,25
1999,8,26,26
1999,8,27,27
1999,8,28,28
1999,8,29,29
1999,8,30,30
1999,8,31,31
1999,9,1,1
1999,9,2,2
1999,9,3,3
1999,9,4,4
1999,9,5,5
1999,9,6,6
1999,9,7,7
1999,9,8,8
1999,9,9,9
1999,9,10,10
1999,9,11,11
1999,9,12,12
1999,9,13,13
1999,9,14,14
1999,9,15,15
1999,9,16,16
1999,9,17,17
1999,9,18,18
1999,9,19,19
1999,9,20,20
1999,9,21,21
1999,9,22,22
1999,9,23,23
1999,9,24,24
1999,9,25,25
1999,9,26,26
1999,9,27,27
1999,9,28,28
1999,9,29,29
1999,9,30,30
1999,10,1,1
1999,10,2,2
1999,10,3,3
1999,10,4,4
1999,10,5,5
1999,10,6,6
1999,10,7,7
1999,10,8,8
1999,10,9,9
1999,10,10,10
1999,10,11,11
1999,10,12,12
1999,10,13,13
1999,10,14,14
1999,10,15,15
1999,10,16,16
1999,10,17,17
1999,10,18,18
1999,10,19,19
1999,10,20,20
1999,10,21,21
1999,10,22,22
1999,10,23,23
1999,10,24,24
1999,10,25,25
1999,10,26,26
1999,10,27,27
1999,10,28,28
1999,10,29,29
1999,10,30,30
1999,10,31,31
1999,11,1,1
1999,11,2,2
1999,11,3,3
1999,11,4,4
1999,11,5,5
1999,11,6,6
1999,11,7,7
1999,11,8,8
1999,11,9,9
1999,11,10,10
1999,11,11,11
1999,11,12,12
1999,11,13,13
1999,11,14,14
1999,11,15,15
1999,11,16,16
1999,11,17,17
1999,11,18,18
1999,11,19,19
1999,11,20,20
1999,11,21,21
1999,11,22,22
1999,11,23,23
1999,11,24,24
1999,11,25,25
1999,11,26,26
1999,11,27,27
1999,11,28,28
1999,11,29,29
1999,11,30,30
1999,12,1,1
1999,12,2,2
1999,12,3,3
1999,12,4,4
1999,12,5,5
1999,12,6,6
1999,12,7,7
1999,12,8,8
1999,12,9,9
1999,12,10,10
1999,12,11,11
1999,12,12,12
1999,12,13,13
1999,12,14,14
1999,12,15,15
1999,12,16,16
1999,12,17,17
1999,12,18,18
1999,12,19,19
1999,12,20,20
1999,12,21,21
1999,12,22,22
1999,12,23,23
1999,12,24,24
1999,12,25,25
1999,12,26,26
1999,12,27,27
1999,12,28,28
1999,12,29,29
1999,12,30,30
1999,12,31,31
2000,1,1,1
2000,1,2,2
2000,1,3,3
2000,1,4,4
2000,1,5,5
2000,1,6,6
2000,1,7,7
2000,1,8,8
2000,1,9,9
2000,1,10,10
2000,1,11,11
2000,1,12,12
2000,1,13,13
2000,1,14,14
2000,1,15,15
2000,1,16,16
2000,1,17,17
2000,1,18,18
2000,1,19,19
2000,1,20,20
2000,1,21,21
2000,1,22,22
2000,1,23,23
2000,1,24,24
2000,1,25,25
2000,1,26,26
2000,1,27,27
2000,1,28,28
2000,1,29,29
2000,1,30,30
2000,1,31,31
2000,2,1,1
2000,2,2,2
2000,2,3,3
2000,2,4,4
2000,2,5,5
2000,2,6,6
2000,2,7,7
2000,2,8,8
2000,2,9,9
2000,2,10,10
2000,2,11,11
2000,2,12,12
2000,2,13,13
2000,2,14,14
2000,2,15,15
2000,2,16,16
2000,2,17,17
2000,2,18,18
2000,2,19,19
2000,2,20,20
2000,2,21,21
2000,2,22,22
2000,2,23,23
2000,2,24,24
2000,2,25,25
2000,2,26,26
2000,2,27,27
2000,2,28,28
2000,2,29,29
2000,3,1,1
2000,3,2,2
2000,3,3,3
2000,3,4,4
2000,3,5,5
2000,3,6,6
2000,3,7,7
2000,3,8,8
2000,3,9,9
2000,3,10,10
2000,3,11,11
2000,3,12,12
2000,3,13,13
2000,3,14,14
2000,3,15,15
2000,3,16,16
2000,3,17,17
2000,3,18,18
2000,3,19,19
2000,3,20,20
2000,3,21,21
2000,3,22,22
2000,3,23,23
2000,3,24,24
2000,3,25,25
2000,3,26,26
2000,3,27,27
2000,3,28,28
2000,3,29,29
2000,3,30,30
2000,3,31,31
2000,4,1,1
2000,4,2,2
2000,4,3,3
2000,4,4,4
2000,4,5,5
2000,4,6,6
2000,4,7,7
2000,4,8,8
2000,4,9,9
2000,4,10,10
2000,4,11,11
2000,4,12,12
2000,4,13,13
2000,4,14,14
2000,4,15,15
2000,4,16,16
2000,4,17,17
2000,4,18,18
2000,4,19,19
2000,4,20,20
2000,4,21,21
2000,4,22,22
2000,4,23,23
2000,4,24,24
2000,4,25,25
2000,4,26,26
2000,4,27,27
2000,4,28,28
2000,4,29,29
2000,4,30,30
2000,5,1,1
2000,5,2,2
2000,5,3,3
2000,5,4,4
2000,5,5,5
2000,5,6,6
2000,5,7,7
2000,5,8,8
2000,5,9,9
2000,5,10,10
2000,5,11,11
2000,5,12,12
2000,5,13,13
2000,5,14,14
2000,5,15,15
2000,5,16,16
2000,5,17,17
2000,5,18,18
2000,5,19,19
2000,5,20,20
2000,5,21,21
2000,5,22,22
2000,5,23,23
2000,5,24,24
2000,5,25,25
2000,5,26,26
2000,5,27,27
2000,5,28,28
2000,5,29,29
2000,5,30,30
2000,5,31,31
2000,6,1,1
2000,6,2,2
2000,6,3,3
2000,6,4,4
2000,6,5,5
2000,6,6,6
2000,6,7,7
2000,6,8,8
2000,6,9,9
2000,6,10,10
2000,6,11,11
2000,6,12,12
2000,6,13,13
2000,6,14,14
2000,6,15,15
2000,6,16,16
2000,6,17,17
2000,6,18,18
2000,6,19,19
2000,6,20,20
2000,6,21,21
2000,6,22,22
2000,6,23,23
2000,6,24,24
2000,6,25,25
2000,6,26,26
2000,6,27,27
2000,6,28,28
2000,6,29,29
2000,6,30,30
2000,7,1,1
2000,7,2,2
2000,7,3,3
2000,7,4,4
2000,7,5,5
2000,7,6,6
2000,7,7,7
2000,7,8,8
2000,7,9,9
2000,7,10,10
2000,7,11,11
2000,7,12,12
2000,7,13,13
2000,7,14,14
2000,7,15,15
2000,7,16,16
2000,7,17,17
2000,7,18,18
2000,7,19,19
2000,7,20,20
2000,7,21,21
2000,7,22,22
2000,7,23,23
2000,7,24,24
2000,7,25,25
2000,7,26,26
2000,7,27,27
2000,7,28,28
2000,7,29,29
2000,7,30,30
2000,7,31,31
2000,8,1,1
2000,8,2,2
2000,8,3,3
2000,8,4,4
2000,8,5,5
2000,8,6,6
2000,8,7,7
2000,8,8,8
2000,8,9,9
2000,8,10,10
2000,8,11,11
2000,8,12,12
2000,8,13,13
2000,8,14,14
2000,8,15,15
2000,8,16,16
2000,8,17,17
2000,8,18,18
2000,8,19,19
2000,8,20,20
2000,8,21,21
2000,8,22,22
2000,8,23,23
2000,8,24,24
2000,8,25,25
2000,8,26,26
2000,8,27,27
2000,8,28,28
2000,8,29,29
2000,8,30,30
2000,8,31,31
2000,9,1,1
2000,9,2,2
2000,9,3,3
2000,9,4,4
2000,9,5,5
2000,9,6,6
2000,9,7,7
2000,9,8,8
2000,9,9,9
2000,9,10,10
2000,9,11,11
2000,9,12,12
2000,9,13,13
2000,9,14,14
2000,9,15,15
2000,9,16,16
2000,9,17,17
2000,9,18,18
2000,9,19,19
2000,9,20,20
2000,9,21,21
2000,9,22,22
2000,9,23,23
2000,9,24,24
2000,9,25,25
2000,9,26,26
2000,9,27,27
2000,9,28,28
2000,9,29,29
2000,9,30,30
2000,10,1,1
2000,10,2,2
2000,10,3,3
2000,10,4,4
2000,10,5,5
2000,10,6,6
2000,10,7,7
2000,10,8,8
2000,10,9,9
2000,10,10,10
2000,10,11,11
2000,10,12,12
2000,10,13,13
2000,10,14,14
2000,10,15,15
2000,10,16,16
2000,10,17,17
2000,10,18,18
2000,10,19,19
2000,10,20,20
2000,10,21,21
2000,10,22,22
2000,10,23,23
2000,10,24,24
2000,10,25,25
2000,10,26,26
2000,10,27,27
2000,10,28,28
2000,10,29,29
2000,10,30,30
2000,10,31,31
2000,11,1,1
2000,11,2,2
2000,11,3,3
2000,11,4,4
2000,11,5,5
2000,11,6,6
2000,11,7,7
2000,11,8,8
2000,11,9,9
2000,11,10,10
2000,11,11,11
2000,11,12,12
2000,11,13,13
2000,11,14,14
2000,11,15,15
2000,11,16,16
2000,11,17,17
2000,11,18,18
2000,11,19,19
2000,11,20,20
2000,11,21,21
2000,11,22,22
2000,11,23,23
2000,11,24,24
2000,11,25,25
2000,11,26,26
2000,11,27,27
2000,11,28,28
2000,11,29,29
2000,11,30,30
2000,12,1,1
2000,12,2,2
2000,12,3,3
2000,12,4,4
2000,12,5,5
2000,12,6,6
2000,12,7,7
2000,12,8,8
2000,12,9,9
2000,12,10,10
2000,12,11,11
2000,12,12,12
2000,12,13,13
2000,12,14,14
2000,12,15,15
2000,12,16,16
2000,12,17,17
2000,12,18,18
2000,12,19,19
2000,12,20,20
2000,12,21,21
2000,12,22,22
2000,12,23,23
2000,12,24,24
2000,12,25,25
2000,12,26,26
2000,12,27,27
2000,12,28,28
2000,12,29,29
2000,12,30,30
2000,12,31,31
2001,1,1,1
2001,1,2,2
2001,1,3,3
2001,1,4,4
2001,1,5,5
2001,1,6,6
2001,1,7,7
2001,1,8,8
2001,1,9,9
2001,1,10,10
2001,1,11,11
2001,1,12,12
2001,1,13,13
2001,1,14,14
2001,1,15,15
2001,1,16,16
2001,1,17,17
2001,1,18,18
2001,1,19,19
2001,1,20,20
2001,1,21,21
2001,1,22,22
2001,1,23,23
2001,1,24,24
2001,1,25,25
2001,1,26,26
2001,1,27,27
2001,1,28,28
2001,1,29,29
2001,1,30,30
2001,1,31,31
2001,2,1,1
2001,2,2,2
2001,2,3,3
2001,2,4,4
2001,2,5,5
2001,2,6,6
2001,2,7,7
2001,2,8,8
2001,2,9,9
2001,2,10,10
2001,2,11,11
2001,2,12,12
2001,2,13,13
2001,2,14,14
2001,2,15,15
2001,2,16,16
2001,2,17,17
2001,2,18,18
2001,2,19,19
2001,2,20,20
2001,2,21,21
2001,2,22,22
2001,2,23,23
2001,2,24,24
2001,2,25,25
2001,2,26,26
2001,2,27,27
2001,2,28,28
2001,3,1,1
2001,3,2,2
2001,3,3,3
2001,3,4,4
2001,3,5,5
2001,3,6,6
2001,3,7,7
2001,3,8,8
2001,3,9,9
2001,3,10,10
2001,3,11,11
2001,3,12,12
2001,3,13,13
2001,3,14,14
2001,3,15,15
2001,3,16,16
2001,3,17,17
2001,3,18,18
2001,3,19,19
2001,3,20,20
2001,3,21,21
2001,3,22,22
2001,3,23,23
2001,3,24,24
2001,3,25,25
2001,3,26,26
2001,3,27,27
2001,3,28,28
2001,3,29,29
2001,3,30,30
2001,3,31,31
2001,4,1,1
2001,4,2,2
2001,4,3,3
2001,4,4,4
2001,4,5,5
2001,4,6,6
2001,4,7,7
2001,4,8,8
2001,4,9,9
2001,4,10,10
2001,4,11,11
2001,4,12,12
2001,4,13,13
2001,4,14,14
2001,4,15,15
2001,4,16,16
2001,4,17,17
2001,4,18,18
2001,4,19,19
2001,4,20,20
2001,4,21,21
2001,4,22,22
2001,4,23,23
2001,4,24,24
2001,4,25,25
2001,4,26,26
2001,4,27,27
2001,4,28,28
2001,4,29,29
2001,4,30,30
2001,5,1,1
2001,5,2,2
2001,5,3,3
2001,5,4,4
2001,5,5,5
2001,5,6,6
2001,5,7,7
2001,5,8,8
2001,5,9,9
2001,5,10,10
2001,5,11,11
2001,5,12,12
2001,5,13,13
2001,5,14,14
2001,5,15,15
2001,5,16,16
2001,5,17,17
2001,5,18,18
2001,5,19,19
2001,5,20,20
2001,5,21,21
2001,5,22,22
2001,5,23,23
2001,5,24,24
2001,5,25,25
2001,5,26,26
2001,5,27,27
2001,5,28,28
2001,5,29,29
2001,5,30,30
2001,5,31,31
2001,6,1,1
2001,6,2,2
2001,6,3,3
2001,6,4,4
2001,6,5,5
2001,6,6,6
2001,6,7,7
2001,6,8,8
2001,6,9,9
2001,6,10,10
2001,6,11,11
2001,6,12,12
2001,6,13,13
2001,6,14,14
2001,6,15,15
2001,6,16,16
2001,6,17,17
2001,6,18,18
2001,6,19,19
2001,6,20,20
2001,6,21,21
2001,6,22,22
2001,6,23,23
2001,6,24,24
2001,6,25,25
2001,6,26,26
2001,6,27,27
2001,6,28,28
2001,6,29,29
2001,6,30,30
2001,7,1,1
2001,7,2,2
2001,7,3,3
2001,7,4,4
2001,7,5,5
2001,7,6,6
2001,7,7,7
2001,7,8,8
2001,7,9,9
2001,7,10,10
2001,7,11,11
2001,7,12,12
2001,7,13,13
2001,7,14,14
2001,7,15,15
2001,7,16,16
2001,7,17,17
2001,7,18,18
2001,7,19,19
2001,7,20,20
2001,7,21,21
2001,7,22,22
2001,7,23,23
2001,7,24,24
2001,7,25,25
2001,7,26,26
2001,7,27,27
2001,7,28,28
2001,7,29,29
2001,7,30,30
2001,7,31,31
2001,8,1,1
2001,8,2,2
2001,8,3,3
2001,8,4,4
2001,8,5,5
2001,8,6,6
2001,8,7,7
2001,8,8,8
2001,8,9,9
2001,8,10,10
2001,8,11,11
2001,8,12,12
2001,8,13,13
2001,8,14,14
2001,8,15,15
2001,8,16,16
2001,8,17,17
2001,8,18,18
2001,8,19,19
2001,8,20,20
2001,8,21,21
2001,8,22,22
2001,8,23,23
2001,8,24,24
2001,8,25,25
2001,8,26,26
2001,8,27,27
2001,8,28,28
2001,8,29,29
2001,8,30,30
2001,8,31,31
2001,9,1,1
2001,9,2,2
2001,9,3,3
2001,9,4,4
2001,9,5,5
2001,9,6,6
2001,9,7,7
2001,9,8,8
2001,9,9,9
2001,9,10,10
2001,9,11,11
2001,9,12,12
2001,9,13,13
2001,9,14,14
2001,9,15,15
2001,9,16,16
2001,9,17,17
2001,9,18,18
2001,9,19,19
2001,9,20,20
2001,9,21,21
2001,9,22,22
2001,9,23,23
2001,9,24,24
2001,9,25,25
2001,9,26,26
2001,9,27,27
2001,9,28,28
2001,9,29,29
2001,9,30,30
2001,10,1,1
2001,10,2,2
2001,10,3,3
2001,10,4,4
2001,10,5,5
2001,10,6,6
2001,10,7,7
2001,10,8,8
2001,10,9,9
2001,10,10,10
2001,10,11,11
2001,10,12,12
2001,10,13,13
2001,10,14,14
2001,10,15,15
2001,10,16,16
2001,10,17,17
2001,10,18,18
2001,10,19,19
2001,10,20,20
2001,10,21,21
2001,10,22,22
2001,10,23,23
2001,10,24,24
2001,10,25,25
2001,10,26,26
2001,10,27,27
2001,10,28,28
2001,10,29,29
2001,10,30,30
2001,10,31,31
2001,11,1,1
2001,11,2,2
2001,11,3,3
2001,11,4,4
2001,11,5,5
2001,11,6,6
2001,11,7,7
2001,11,8,8
2001,11,9,9
2001,11,10,10
2001,11,11,11
2001,11,12,12
2001,11,13,13
2001,11,14,14
2001,11,15,15
2001,11,16,16
2001,11,17,17
2001,11,18,18
2001,11,19,19
2001,11,20,20
2001,11,21,21
2001,11,22,22
2001,11,23,23
2001,11,24,24
2001,11,25,25
2001,11,26,26
2001,11,27,27
2001,11,28,28
2001,11,29,29
2001,11,30,30
2001,12,1,1
2001,12,2,2
2001,12,3,3
2001,12,4,4
2001,12,5,5
2001,12,6,6
2001,12,7,7
2001,12,8,8
2001,12,9,9
2001,12,10,10
2001,12,11,11
2001,12,12,12
2001,12,13,13
2001,12,14,14
2001,12,15,15
2001,12,16,16
2001,12,17,17
2001,12,18,18
2001,12,19,19
2001,12,20,20
2001,12,21,21
2001,12,22,22
2001,12,23,23
2001,12,24,24
2001,12,25,25
2001,12,26,26
2001,12,27,27
2001,12,28,28
2001,12,29,29
2001,12,30,30
2001,12,31,31
2002,1,1,1
2002,1,2,2
2002,1,3,3
2002,1,4,4
2002,1,5,5
2002,1,6,6
2002,1,7,7
2002,1,8,8
2002,1,9,9
2002,1,10,10
2002,1,11,11
2002,1,12,12
2002,1,13,13
2002,1,14,14
2002,1,15,15
2002,1,16,16
2002,1,17,17
2002,1,18,18
2002,1,19,19
2002,1,20,20
2002,1,21,21
2002,1,22,22
2002,1,23,23
2002,1,24,24
2002,1,25,25
2002,1,26,26
2002,1,27,27
2002,1,28,28
2002,1,29,29
2002,1,30,30
2002,1,31,31
2002,2,1,1
2002,2,2,2
2002,2,3,3
2002,2,4,4
2002,2,5,5
2002,2,6,6
2002,2,7,7
2002,2,8,8
2002,2,9,9
2002,2,10,10
2002,2,11,11
2002,2,12,12
2002,2,13,13
2002,2,14,14
2002,2,15,15
2002,2,16,16
2002,2,17,17
2002,2,18,18
2002,2,19,19
2002,2,20,20
2002,2,21,21
2002,2,22,22
2002,2,23,23
2002,2,24,24
2002,2,25,25
2002,2,26,26
2002,2,27,27
2002,2,28,28
2002,3,1,1
2002,3,2,2
2002,3,3,3
2002,3,4,4
2002,3,5,5
2002,3,6,6
2002,3,7,7
2002,3,8,8
2002,3,9,9
2002,3,10,10
2002,3,11,11
2002,3,12,12
2002,3,13,13
2002,3,14,14
2002,3,15,15
2002,3,16,16
2002,3,17,17
2002,3,18,18
2002,3,19,19
2002,3,20,20
2002,3,21,21
2002,3,22,22
2002,3,23,23
2002,3,24,24
2002,3,25,25
2002,3,26,26
2002,3,27,27
2002,3,28,28
2002,3,29,29
2002,3,30,30
2002,3,31,31
2002,4,1,1
2002,4,2,2
2002,4,3,3
2002,4,4,4
2002,4,5,5
2002,4,6,6
2002,4,7,7
2002,4,8,8
2002,4,9,9
2002,4,10,10
2002,4,11,11
2002,4,12,12
2002,4,13,13
2002,4,14,14
2002,4,15,15
2002,4,16,16
2002,4,17,17
2002,4,18,18
2002,4,19,19
2002,4,20,20
2002,4,21,21
2002,4,22,22
2002,4,23,23
2002,4,24,24
2002,4,25,25
2002,4,26,26
2002,4,27,27
2002,4,28,28
2002,4,29,29
2002,4,30,30
2002,5,1,1
2002,5,2,2
2002,5,3,3
2002,5,4,4
2002,5,5,5
2002,5,6,6
2002,5,7,7
2002,5,8,8
2002,5,9,9
2002,5,10,10
2002,5,11,11
2002,5,12,12
2002,5,13,13
2002,5,14,14
2002,5,15,15
2002,5,16,16
2002,5,17,17
2002,5,18,18
2002,5,19,19
2002,5,20,20
2002,5,21,21
2002,5,22,22
2002,5,23,23
2002,5,24,24
2002,5,25,25
2002,5,26,26
2002,5,27,27
2002,5,28,28
2002,5,29,29
2002,5,30,30
2002,5,31,31
2002,6,1,1
2002,6,2,2
2002,6,3,3
2002,6,4,4
2002,6,5,5
2002,6,6,6
2002,6,7,7
2002,6,8,8
2002,6,9,9
2002,6,10,10
2002,6,11,11
2002,6,12,12
2002,6,13,13
2002,6,14,14
2002,6,15,15
2002,6,16,16
2002,6,17,17
2002,6,18,18
2002,6,19,19
2002,6,20,20
2002,6,21,21
2002,6,22,22
2002,6,23,23
2002,6,24,24
2002,6,25,25
2002,6,26,26
2002,6,27,27
2002,6,28,28
2002,6,29,29
2002,6,30,30
2002,7,1,1
2002,7,2,2
2002,7,3,3
2002,7,4,4
2002,7,5,5
2002,7,6,6
2002,7,7,7
2002,7,8,8
2002,7,9,9
2002,7,10,10
2002,7,11,11
2002,7,12,12
2002,7,13,13
2002,7,14,14
2002,7,15,15
2002,7,16,16
2002,7,17,17
2002,7,18,18
2002,7,19,19
2002,7,20,20
2002,7,21,21
2002,7,22,22
2002,7,23,23
2002,7,24,24
2002,7,25,25
2002,7,26,26
2002,7,27,27
2002,7,28,28
2002,7,29,29
2002,7,30,30
2002,7,31,31
2002,8,1,1
2002,8,2,2
2002,8,3,3
2002,8,4,4
2002,8,5,5
2002,8,6,6
2002,8,7,7
2002,8,8,8
2002,8,9,9
2002,8,10,10
2002,8,11,11
2002,8,12,12
2002,8,13,13
2002,8,14,14
2002,8,15,15
2002,8,16,16
2002,8,17,17
2002,8,18,18
2002,8,19,19
2002,8,20,20
2002,8,21,21
2002,8,22,22
2002,8,23,23
2002,8,24,24
2002,8,25,25
2002,8,26,26
2002,8,27,27
2002,8,28,28
2002,8,29,29
2002,8,30,30
2002,8,31,31
2002,9,1,1
2002,9,2,2
2002,9,3,3
2002,9,4,4
2002,9,5,5
2002,9,6,6
2002,9,7,7
2002,9,8,8
2002,9,9,9
2002,9,10,10
2002,9,11,11
2002,9,12,12
2002,9,13,13
2002,9,14,14
2002,9,15,15
2002,9,16,16
2002,9,17,17
2002,9,18,18
2002,9,19,19
2002,9,20,20
2002,9,21,21
2002,9,22,22
2002,9,23,23
2002,9,24,24
2002,9,25,25
2002,9,26,26
2002,9,27,27
2002,9,28,28
2002,9,29,29
2002,9,30,30
2002,10,1,1
2002,10,2,2
2002,10,3,3
2002,10,4,4
2002,10,5,5
2002,10,6,6
2002,10,7,7
2002,10,8,8
2002,10,9,9
2002,10,10,10
2002,10,11,11
2002,10,12,12
2002,10,13,13
2002,10,14,14
2002,10,15,15
2002,10,16,16
2002,10,17,17
2002,10,18,18
2002,10,19,19
2002,10,20,20
2002,10,21,21
2002,10,22,22
2002,10,23,23
2002,10,24,24
2002,10,25,25
2002,10,26,26
2002,10,27,27
2002,10,28,28
2002,10,29,29
2002,10,30,30
2002,10,31,31
2002,11,1,1
2002,11,2,2
2002,11,3,3
2002,11,4,4
2002,11,5,5
2002,11,6,6
2002,11,7,7
2002,11,8,8
2002,11,9,9
2002,11,10,10
2002,11,11,11
2002,11,12,12
2002,11,13,13
2002,11,14,14
2002,11,15,15
2002,11,16,16
2002,11,17,17
2002,11,18,18
2002,11,19,19
2002,11,20,20
2002,11,21,21
2002,11,22,22
2002,11,23,23
2002,11,24,24
2002,11,25,25
2002,11,26,26
2002,11,27,27
2002,11,28,28
2002,11,29,29
2002,11,30,30
2002,12,1,1
2002,12,2,2
2002,12,3,3
2002,12,4,4
2002,12,5,5
2002,12,6,6
2002,12,7,7
2002,12,8,8
2002,12,9,9
2002,12,10,10
2002,12,11,11
2002,12,12,12
2002,12,13,13
2002,12,14,14
2002,12,15,15
2002,12,16,16
2002,12,17,17
2002,12,18,18
2002,12,19,19
2002,12,20,20
2002,12,21,21
2002,12,22,22
2002,12,23,23
2002,12,24,24
2002,12,25,25
2002,12,26,26
2002,12,27,27
2002,12,28,28
2002,12,29,29
2002,12,30,30
2002,12,31,31
2003,1,1,1
2003,1,2,2
2003,1,3,3
2003,1,4,4
2003,1,5,5
2003,1,6,6
2003,1,7,7
2003,1,8,8
2003,1,9,9
2003,1,10,10
2003,1,11,11
2003,1,12,12
2003,1,13,13
2003,1,14,14
2003,1,15,15
2003,1,16,16
2003,1,17,17
2003,1,18,18
2003,1,19,19
2003,1,20,20
2003,1,21,21
2003,1,22,22
2003,1,23,23
2003,1,24,24
2003,1,25,25
2003,1,26,26
2003,1,27,27
2003,1,28,28
2003,1,29,29
2003,1,30,30
2003,1,31,31
2003,2,1,1
2003,2,2,2
2003,2,3,3
2003,2,4,4
2003,2,5,5
2003,2,6,6
2003,2,7,7
2003,2,8,8
2003,2,9,9
2003,2,10,10
2003,2,11,11
2003,2,12,12
2003,2,13,13
2003,2,14,14
2003,2,15,15
2003,2,16,16
2003,2,17,17
2003,2,18,18
2003,2,19,19
2003,2,20,20
2003,2,21,21
2003,2,22,22
2003,2,23,23
2003,2,24,24
2003,2,25,25
2003,2,26,26
2003,2,27,27
2003,2,28,28
2003,3,1,1
2003,3,2,2
2003,3,3,3
2003,3,4,4
2003,3,5,5
2003,3,6,6
2003,3,7,7
2003,3,8,8
2003,3,9,9
2003,3,10,10
2003,3,11,11
2003,3,12,12
2003,3,13,13
2003,3,14,14
2003,3,15,15
2003,3,16,16
2003,3,17,17
2003,3,18,18
2003,3,19,19
2003,3,20,20
2003,3,21,21
2003,3,22,22
2003,3,23,23
2003,3,24,24
2003,3,25,25
2003,3,26,26
2003,3,27,27
2003,3,28,28
2003,3,29,29
2003,3,30,30
2003,3,31,31
2003,4,1,1
2003,4,2,2
2003,4,3,3
2003,4,4,4
2003,4,5,5
2003,4,6,6
2003,4,7,7
2003,4,8,8
2003,4,9,9
2003,4,10,10
2003,4,11,11
2003,4,12,12
2003,4,13,13
2003,4,14,14
2003,4,15,15
2003,4,16,16
2003,4,17,17
2003,4,18,18
2003,4,19,19
2003,4,20,20
2003,4,21,21
2003,4,22,22
2003,4,23,23
2003,4,24,24
2003,4,25,25
2003,4,26,26
2003,4,27,27
2003,4,28,28
2003,4,29,29
2003,4,30,30
2003,5,1,1
2003,5,2,2
2003,5,3,3
2003,5,4,4
2003,5,5,5
2003,5,6,6
2003,5,7,7
2003,5,8,8
2003,5,9,9
2003,5,10,10
2003,5,11,11
2003,5,12,12
2003,5,13,13
2003,5,14,14
2003,5,15,15
2003,5,16,16
2003,5,17,17
2003,5,18,18
2003,5,19,19
2003,5,20,20
2003,5,21,21
2003,5,22,22
2003,5,23,23
2003,5,24,24
2003,5,25,25
2003,5,26,26
2003,5,27,27
2003,5,28,28
2003,5,29,29
2003,5,30,30
2003,5,31,31
2003,6,1,1
2003,6,2,2
2003,6,3,3
2003,6,4,4
2003,6,5,5
2003,6,6,6
2003,6,7,7
2003,6,8,8
2003,6,9,9
2003,6,10,10
2003,6,11,11
2003,6,12,12
2003,6,13,13
2003,6,14,14
2003,6,15,15
2003,6,16,16
2003,6,17,17
2003,6,18,18
2003,6,19,19
2003,6,20,20
2003,6,21,21
2003,6,22,22
2003,6,23,23
2003,6,24,24
2003,6,25,25
2003,6,26,26
2003,6,27,27
2003,6,28,28
2003,6,29,29
2003,6,30,30
2003,7,1,1
2003,7,2,2
2003,7,3,3
2003,7,4,4
2003,7,5,5
2003,7,6,6
2003,7,7,7
2003,7,8,8
2003,7,9,9
2003,7,10,10
2003,7,11,11
2003,7,12,12
2003,7,13,13
2003,7,14,14
2003,7,15,15
2003,7,16,16
2003,7,17,17
2003,7,18,18
2003,7,19,19
2003,7,20,20
2003,7,21,21
2003,7,22,22
2003,7,23,23
2003,7,24,24
2003,7,25,25
2003,7,26,26
2003,7,27,27
2003,7,28,28
2003,7,29,29
2003,7,30,30
2003,7,31,31
2003,8,1,1
2003,8,2,2
2003,8,3,3
2003,8,4,4
2003,8,5,5
2003,8,6,6
2003,8,7,7
2003,8,8,8
2003,8,9,9
2003,8,10,10
2003,8,11,11
2003,8,12,12
2003,8,13,13
2003,8,14,14
2003,8,15,15
2003,8,16,16
2003,8,17,17
2003,8,18,18
2003,8,19,19
2003,8,20,20
2003,8,21,21
2003,8,22,22
2003,8,23,23
2003,8,24,24
2003,8,25,25
2003,8,26,26
2003,8,27,27
2003,8,28,28
2003,8,29,29
2003,8,30,30
2003,8,31,31
2003,9,1,1
2003,9,2,2
2003,9,3,3
2003,9,4,4
2003,9,5,5
2003,9,6,6
2003,9,7,7
2003,9,8,8
2003,9,9,9
2003,9,10,10
2003,9,11,11
2003,9,12,12
2003,9,13,13
2003,9,14,14
2003,9,15,15
2003,9,16,16
2003,9,17,17
2003,9,18,18
2003,9,19,19
2003,9,20,20
2003,9,21,21
2003,9,22,22
2003,9,23,23
2003,9,24,24
2003,9,25,25
2003,9,26,26
2003,9,27,27
2003,9,28,28
2003,9,29,29
2003,9,30,30
2003,10,1,1
2003,10,2,2
2003,10,3,3
2003,10,4,4
2003,10,5,5
2003,10,6,6
2003,10,7,7
2003,10,8,8
2003,10,9,9
2003,10,10,10
2003,10,11,11
2003,10,12,12
2003,10,13,13
2003,10,14,14
2003,10,15,15
2003,10,16,16
2003,10,17,17
2003,10,18,18
2003,10,19,19
2003,10,20,20
2003,10,21,21
2003,10,22,22
2003,10,23,23
2003,10,24,24
2003,10,25,25
2003,10,26,26
2003,10,27,27
2003,10,28,28
2003,10,29,29
2003,10,30,30
2003,10,31,31
2003,11,1,1
2003,11,2,2
2003,11,3,3
2003,11,4,4
2003,11,5,5
2003,11,6,6
2003,11,7,7
2003,11,8,8
2003,11,9,9
2003,11,10,10
2003,11,11,11
2003,11,12,12
2003,11,13,13
2003,11,14,14
2003,11,15,15
2003,11,16,16
2003,11,17,17
2003,11,18,18
2003,11,19,19
2003,11,20,20
2003,11,21,21
2003,11,22,22
2003,11,23,23
2003,11,24,24
2003,11,25,25
2003,11,26,26
2003,11,27,27
2003,11,28,28
2003,11,29,29
2003,11,30,30
2003,12,1,1
2003,12,2,2
2003,12,3,3
2003,12,4,4
2003,12,5,5
2003,12,6,6
2003,12,7,7
2003,12,8,8
2003,12,9,9
2003,12,10,10
2003,12,11,11
2003,12,12,12
2003,12,13,13
2003,12,14,14
2003,12,15,15
2003,12,16,16
2003,12,17,17
2003,12,18,18
2003,12,19,19
2003,12,20,20
2003,12,21,21
2003,12,22,22
2003,12,23,23
2003,12,24,24
2003,12,25,25
2003,12,26,26
2003,12,27,27
2003,12,28,28
2003,12,29,29
2003,12,30,30
2003,12,31,31
2004,1,1,1
2004,1,2,2
2004,1,3,3
2004,1,4,4
2004,1,5,5
2004,1,6,6
2004,1,7,7
2004,1,8,8
2004,1,9,9
2004,1,10,10
2004,1,11,11
2004,1,12,12
2004,1,13,13
2004,1,14,14
2004,1,15,15
2004,1,16,16
2004,1,17,17
2004,1,18,18
2004,1,19,19
2004,1,20,20
2004,1,21,21
2004,1,22,22
2004,1,23,23
2004,1,24,24
2004,1,25,25
2004,1,26,26
2004,1,27,27
2004,1,28,28
2004,1,29,29
2004,1,30,30
2004,1,31,31
2004,2,1,1
2004,2,2,2
2004,2,3,3
2004,2,4,4
2004,2,5,5
2004,2,6,6
2004,2,7,7
2004,2,8,8
2004,2,9,9
2004,2,10,10
2004,2,11,11
2004,2,12,12
2004,2,13,13
2004,2,14,14
2004,2,15,15
2004,2,16,16
2004,2,17,17
2004,2,18,18
2004,2,19,19
2004,2,20,20
2004,2,21,21
2004,2,22,22
2004,2,23,23
2004,2,24,24
2004,2,25,25
2004,2,26,26
2004,2,27,27
2004,2,28,28
2004,2,29,29
2004,3,1,1
2004,3,2,2
2004,3,3,3
2004,3,4,4
2004,3,5,5
2004,3,6,6
2004,3,7,7
2004,3,8,8
2004,3,9,9
2004,3,10,10
2004,3,11,11
2004,3,12,12
2004,3,13,13
2004,3,14,14
2004,3,15,15
2004,3,16,16
2004,3,17,17
2004,3,18,18
2004,3,19,19
2004,3,20,20
2004,3,21,21
2004,3,22,22
2004,3,23,23
2004,3,24,24
2004,3,25,25
2004,3,26,26
2004,3,27,27
2004,3,28,28
2004,3,29,29
2004,3,30,30
2004,3,31,31
2004,4,1,1
2004,4,2,2
2004,4,3,3
2004,4,4,4
2004,4,5,5
2004,4,6,6
2004,4,7,7
2004,4,8,8
2004,4,9,9
2004,4,10,10
2004,4,11,11
2004,4,12,12
2004,4,13,13
2004,4,14,14
2004,4,15,15
2004,4,16,16
2004,4,17,17
2004,4,18,18
2004,4,19,19
2004,4,20,20
2004,4,21,21
2004,4,22,22
2004,4,23,23
2004,4,24,24
2004,4,25,25
2004,4,26,26
2004,4,27,27
2004,4,28,28
2004,4,29,29
2004,4,30,30
2004,5,1,1
2004,5,2,2
2004,5,3,3
2004,5,4,4
2004,5,5,5
2004,5,6,6
2004,5,7,7
2004,5,8,8
2004,5,9,9
2004,5,10,10
2004,5,11,11
2004,5,12,12
2004,5,13,13
2004,5,14,14
2004,5,15,15
2004,5,16,16
2004,5,17,17
2004,5,18,18
2004,5,19,19
2004,5,20,20
2004,5,21,21
2004,5,22,22
2004,5,23,23
2004,5,24,24
2004,5,25,25
2004,5,26,26
2004,5,27,27
2004,5,28,28
2004,5,29,29
2004,5,30,30
2004,5,31,31
2004,6,1,1
2004,6,2,2
2004,6,3,3
2004,6,4,4
2004,6,5,5
2004,6,6,6
2004,6,7,7
2004,6,8,8
2004,6,9,9
2004,6,10,10
2004,6,11,11
2004,6,12,12
2004,6,13,13
2004,6,14,14
2004,6,15,15
2004,6,16,16
2004,6,17,17
2004,6,18,18
2004,6,19,19
2004,6,20,20
2004,6,21,21
2004,6,22,22
2004,6,23,23
2004,6,24,24
2004,6,25,25
2004,6,26,26
2004,6,27,27
2004,6,28,28
2004,6,29,29
2004,6,30,30
2004,7,1,1
2004,7,2,2
2004,7,3,3
2004,7,4,4
2004,7,5,5
2004,7,6,6
2004,7,7,7
2004,7,8,8
2004,7,9,9
2004,7,10,10
2004,7,11,11
2004,7,12,12
2004,7,13,13
2004,7,14,14
2004,7,15,15
2004,7,16,16
2004,7,17,17
2004,7,18,18
2004,7,19,19
2004,7,20,20
2004,7,21,21
2004,7,22,22
2004,7,23,23
2004,7,24,24
2004,7,25,25
2004,7,26,26
2004,7,27,27
2004,7,28,28
2004,7,29,29
2004,7,30,30
2004,7,31,31
2004,8,1,1
2004,8,2,2
2004,8,3,3
2004,8,4,4
2004,8,5,5
2004,8,6,6
2004,8,7,7
2004,8,8,8
2004,8,9,9
2004,8,10,10
2004,8,11,11
2004,8,12,12
2004,8,13,13
2004,8,14,14
2004,8,15,15
2004,8,16,16
2004,8,17,17
2004,8,18,18
2004,8,19,19
2004,8,20,20
2004,8,21,21
2004,8,22,22
2004,8,23,23
2004,8,24,24
2004,8,25,25
2004,8,26,26
2004,8,27,27
2004,8,28,28
2004,8,29,29
2004,8,30,30
2004,8,31,31
2004,9,1,1
2004,9,2,2
2004,9,3,3
2004,9,4,4
2004,9,5,5
2004,9,6,6
2004,9,7,7
2004,9,8,8
2004,9,9,9
2004,9,10,10
2004,9,11,11
2004,9,12,12
2004,9,13,13
2004,9,14,14
2004,9,15,15
2004,9,16,16
2004,9,17,17
2004,9,18,18
2004,9,19,19
2004,9,20,20
2004,9,21,21
2004,9,22,22
2004,9,23,23
2004,9,24,24
2004,9,25,25
2004,9,26,26
2004,9,27,27
2004,9,28,28
2004,9,29,29
2004,9,30,30
2004,10,1,1
2004,10,2,2
2004,10,3,3
2004,10,4,4
2004,10,5,5
2004,10,6,6
2004,10,7,7
2004,10,8,8
2004,10,9,9
2004,10,10,10
2004,10,11,11
2004,10,12,12
2004,10,13,13
2004,10,14,14
2004,10,15,15
2004,10,16,16
2004,10,17,17
2004,10,18,18
2004,10,19,19
2004,10,20,20
2004,10,21,21
2004,10,22,22
2004,10,23,23
2004,10,24,24
2004,10,25,25
2004,10,26,26
2004,10,27,27
2004,10,28,28
2004,10,29,29
2004,10,30,30
2004,10,31,31
2004,11,1,1
2004,11,2,2
2004,11,3,3
2004,11,4,4
2004,11,5,5
2004,11,6,6
2004,11,7,7
2004,11,8,8
2004,11,9,9
2004,11,10,10
2004,11,11,11
2004,11,12,12
2004,11,13,13
2004,11,14,14
2004,11,15,15
2004,11,16,16
2004,11,17,17
2004,11,18,18
2004,11,19,19
2004,11,20,20
2004,11,21,21
2004,11,22,22
2004,11,23,23
2004,11,24,24
2004,11,25,25
2004,11,26,26
2004,11,27,27
2004,11,28,28
2004,11,29,29
2004,11,30,30
2004,12,1,1
2004,12,2,2
2004,12,3,3
2004,12,4,4
2004,12,5,5
2004,12,6,6
2004,12,7,7
2004,12,8,8
2004,12,9,9
2004,12,10,10
2004,12,11,11
2004,12,12,12
2004,12,13,13
2004,12,14,14
2004,12,15,15
2004,12,16,16
2004,12,17,17
2004,12,18,18
2004,12,19,19
2004,12,20,20
2004,12,21,21
2004,12,22,22
2004,12,23,23
2004,12,24,24
2004,12,25,25
2004,12,26,26
2004,12,27,27
2004,12,28,28
2004,12,29,29
2004,12,30,30
2004,12,31,31
2005,1,1,1
2005,1,2,2
2005,1,3,3
2005,1,4,4
2005,1,5,5
2005,1,6,6
2005,1,7,7
2005,1,8,8
2005,1,9,9
2005,1,10,10
2005,1,11,11
2005,1,12,12
2005,1,13,13
2005,1,14,14
2005,1,15,15
2005,1,16,16
2005,1,17,17
2005,1,18,18
2005,1,19,19
2005,1,20,20
2005,1,21,21
2005,1,22,22
2005,1,23,23
2005,1,24,24
2005,1,25,25
2005,1,26,26
2005,1,27,27
2005,1,28,28
2005,1,29,29
2005,1,30,30
2005,1,31,31
2005,2,1,1
2005,2,2,2
2005,2,3,3
2005,2,4,4
2005,2,5,5
2005,2,6,6
2005,2,7,7
2005,2,8,8
2005,2,9,9
2005,2,10,10
2005,2,11,11
2005,2,12,12
2005,2,13,13
2005,2,14,14
2005,2,15,15
2005,2,16,16
2005,2,17,17
2005,2,18,18
2005,2,19,19
2005,2,20,20
2005,2,21,21
2005,2,22,22
2005,2,23,23
2005,2,24,24
2005,2,25,25
2005,2,26,26
2005,2,27,27
2005,2,28,28
2005,3,1,1
2005,3,2,2
2005,3,3,3
2005,3,4,4
2005,3,5,5
2005,3,6,6
2005,3,7,7
2005,3,8,8
2005,3,9,9
2005,3,10,10
2005,3,11,11
2005,3,12,12
2005,3,13,13
2005,3,14,14
2005,3,15,15
2005,3,16,16
2005,3,17,17
2005,3,18,18
2005,3,19,19
2005,3,20,20
2005,3,21,21
2005,3,22,22
2005,3,23,23
2005,3,24,24
2005,3,25,25
2005,3,26,26
2005,3,27,27
2005,3,28,28
2005,3,29,29
2005,3,30,30
2005,3,31,31
2005,4,1,1
2005,4,2,2
2005,4,3,3
2005,4,4,4
2005,4,5,5
2005,4,6,6
2005,4,7,7
2005,4,8,8
2005,4,9,9
2005,4,10,10
2005,4,11,11
2005,4,12,12
2005,4,13,13
2005,4,14,14
2005,4,15,15
2005,4,16,16
2005,4,17,17
2005,4,18,18
2005,4,19,19
2005,4,20,20
2005,4,21,21
2005,4,22,22
2005,4,23,23
2005,4,24,24
2005,4,25,25
2005,4,26,26
2005,4,27,27
2005,4,28,28
2005,4,29,29
2005,4,30,30
2005,5,1,1
2005,5,2,2
2005,5,3,3
2005,5,4,4
2005,5,5,5
2005,5,6,6
2005,5,7,7
2005,5,8,8
2005,5,9,9
2005,5,10,10
2005,5,11,11
2005,5,12,12
2005,5,13,13
2005,5,14,14
2005,5,15,15
2005,5,16,16
2005,5,17,17
2005,5,18,18
2005,5,19,19
2005,5,20,20
2005,5,21,21
2005,5,22,22
2005,5,23,23
2005,5,24,24
2005,5,25,25
2005,5,26,26
2005,5,27,27
2005,5,28,28
2005,5,29,29
2005,5,30,30
2005,5,31,31
2005,6,1,1
2005,6,2,2
2005,6,3,3
2005,6,4,4
2005,6,5,5
2005,6,6,6
2005,6,7,7
2005,6,8,8
2005,6,9,9
2005,6,10,10
2005,6,11,11
2005,6,12,12
2005,6,13,13
2005,6,14,14
2005,6,15,15
2005,6,16,16
2005,6,17,17
2005,6,18,18
2005,6,19,19
2005,6,20,20
2005,6,21,21
2005,6,22,22
2005,6,23,23
2005,6,24,24
2005,6,25,25
2005,6,26,26
2005,6,27,27
2005,6,28,28
2005,6,29,29
2005,6,30,30
2005,7,1,1
2005,7,2,2
2005,7,3,3
2005,7,4,4
2005,7,5,5
2005,7,6,6
2005,7,7,7
2005,7,8,8
2005,7,9,9
2005,7,10,10
2005,7,11,11
2005,7,12,12
2005,7,13,13
2005,7,14,14
2005,7,15,15
2005,7,16,16
2005,7,17,17
2005,7,18,18
2005,7,19,19
2005,7,20,20
2005,7,21,21
2005,7,22,22
2005,7,23,23
2005,7,24,24
2005,7,25,25
2005,7,26,26
2005,7,27,27
2005,7,28,28
2005,7,29,29
2005,7,30,30
2005,7,31,31
2005,8,1,1
2005,8,2,2
2005,8,3,3
2005,8,4,4
2005,8,5,5
2005,8,6,6
2005,8,7,7
2005,8,8,8
2005,8,9,9
2005,8,10,10
2005,8,11,11
2005,8,12,12
2005,8,13,13
2005,8,14,14
2005,8,15,15
2005,8,16,16
2005,8,17,17
2005,8,18,18
2005,8,19,19
2005,8,20,20
2005,8,21,21
2005,8,22,22
2005,8,23,23
2005,8,24,24
2005,8,25,25
2005,8,26,26
2005,8,27,27
2005,8,28,28
2005,8,29,29
2005,8,30,30
2005,8,31,31
2005,9,1,1
2005,9,2,2
2005,9,3,3
2005,9,4,4
2005,9,5,5
2005,9,6,6
2005,9,7,7
2005,9,8,8
2005,9,9,9
2005,9,10,10
2005,9,11,11
2005,9,12,12
2005,9,13,13
2005,9,14,14
2005,9,15,15
2005,9,16,16
2005,9,17,17
2005,9,18,18
2005,9,19,19
2005,9,20,20
2005,9,21,21
2005,9,22,22
2005,9,23,23
2005,9,24,24
2005,9,25,25
2005,9,26,26
2005,9,27,27
2005,9,28,28
2005,9,29,29
2005,9,30,30
2005,10,1,1
2005,10,2,2
2005,10,3,3
2005,10,4,4
2005,10,5,5
2005,10,6,6
2005,10,7,7
2005,10,8,8
2005,10,9,9
2005,10,10,10
2005,10,11,11
2005,10,12,12
2005,10,13,13
2005,10,14,14
2005,10,15,15
2005,10,16,16
2005,10,17,17
2005,10,18,18
2005,10,19,19
2005,10,20,20
2005,10,21,21
2005,10,22,22
2005,10,23,23
2005,10,24,24
2005,10,25,25
2005,10,26,26
2005,10,27,27
2005,10,28,28
2005,10,29,29
2005,10,30,30
2005,10,31,31
2005,11,1,1
2005,11,2,2
2005,11,3,3
2005,11,4,4
2005,11,5,5
2005,11,6,6
2005,11,7,7
2005,11,8,8
2005,11,9,9
2005,11,10,10
2005,11,11,11
2005,11,12,12
2005,11,13,13
2005,11,14,14
2005,11,15,15
2005,11,16,16
2005,11,17,17
2005,11,18,18
2005,11,19,19
2005,11,20,20
2005,11,21,21
2005,11,22,22
2005,11,23,23
2005,11,24,24
2005,11,25,25
2005,11,26,26
2005,11,27,27
2005,11,28,28
2005,11,29,29
2005,11,30,30
2005,12,1,1
2005,12,2,2
2005,12,3,3
2005,12,4,4
2005,12,5,5
2005,12,6,6
2005,12,7,7
2005,12,8,8
2005,12,9,9
2005,12,10,10
2005,12,11,11
2005,12,12,12
2005,12,13,13
2005,12,14,14
2005,12,15,15
2005,12,16,16
2005,12,17,17
2005,12,18,18
2005,12,19,19
2005,12,20,20
2005,12,21,21
2005,12,22,22
2005,12,23,23
2005,12,24,24
2005,12,25,25
2005,12,26,26
2005,12,27,27
2005,12,28,28
2005,12,29,29
2005,12,30,30
2005,12,31,31
2006,1,1,1
2006,1,2,2
2006,1,3,3
2006,1,4,4
2006,1,5,5
2006,1,6,6
2006,1,7,7
2006,1,8,8
2006,1,9,9
2006,1,10,10
2006,1,11,11
2006,1,12,12
2006,1,13,13
2006,1,14,14
2006,1,15,15
2006,1,16,16
2006,1,17,17
2006,1,18,18
2006,1,19,19
2006,1,20,20
2006,1,21,21
2006,1,22,22
2006,1,23,23
2006,1,24,24
2006,1,25,25
2006,1,26,26
2006,1,27,27
2006,1,28,28
2006,1,29,29
2006,1,30,30
2006,1,31,31
2006,2,1,1
2006,2,2,2
2006,2,3,3
2006,2,4,4
2006,2,5,5
2006,2,6,6
2006,2,7,7
2006,2,8,8
2006,2,9,9
2006,2,10,10
2006,2,11,11
2006,2,12,12
2006,2,13,13
2006,2,14,14
2006,2,15,15
2006,2,16,16
2006,2,17,17
2006,2,18,18
2006,2,19,19
2006,2,20,20
2006,2,21,21
2006,2,22,22
2006,2,23,23
2006,2,24,24
2006,2,25,25
2006,2,26,26
2006,2,27,27
2006,2,28,28
2006,3,1,1
2006,3,2,2
2006,3,3,3
2006,3,4,4
2006,3,5,5
2006,3,6,6
2006,3,7,7
2006,3,8,8
2006,3,9,9
2006,3,10,10
2006,3,11,11
2006,3,12,12
2006,3,13,13
2006,3,14,14
2006,3,15,15
2006,3,16,16
2006,3,17,17
2006,3,18,18
2006,3,19,19
2006,3,20,20
2006,3,21,21
2006,3,22,22
2006,3,23,23
2006,3,24,24
2006,3,25,25
2006,3,26,26
2006,3,27,27
2006,3,28,28
2006,3,29,29
2006,3,30,30
2006,3,31,31
2006,4,1,1
2006,4,2,2
2006,4,3,3
2006,4,4,4
2006,4,5,5
2006,4,6,6
2006,4,7,7
2006,4,8,8
2006,4,9,9
2006,4,10,10
2006,4,11,11
2006,4,12,12
2006,4,13,13
2006,4,14,14
2006,4,15,15
2006,4,16,16
2006,4,17,17
2006,4,18,18
2006,4,19,19
2006,4,20,20
2006,4,21,21
2006,4,22,22
2006,4,23,23
2006,4,24,24
2006,4,25,25
2006,4,26,26
2006,4,27,27
2006,4,28,28
2006,4,29,29
2006,4,30,30
2006,5,1,1
2006,5,2,2
2006,5,3,3
2006,5,4,4
2006,5,5,5
2006,5,6,6
2006,5,7,7
2006,5,8,8
2006,5,9,9
2006,5,10,10
2006,5,11,11
2006,5,12,12
2006,5,13,13
2006,5,14,14
2006,5,15,15
2006,5,16,16
2006,5,17,17
2006,5,18,18
2006,5,19,19
2006,5,20,20
2006,5,21,21
2006,5,22,22
2006,5,23,23
2006,5,24,24
2006,5,25,25
2006,5,26,26
2006,5,27,27
2006,5,28,28
2006,5,29,29
2006,5,30,30
2006,5,31,31
2006,6,1,1
2006,6,2,2
2006,6,3,3
2006,6,4,4
2006,6,5,5
2006,6,6,6
2006,6,7,7
2006,6,8,8
2006,6,9,9
2006,6,10,10
2006,6,11,11
2006,6,12,12
2006,6,13,13
2006,6,14,14
2006,6,15,15
2006,6,16,16
2006,6,17,17
2006,6,18,18
2006,6,19,19
2006,6,20,20
2006,6,21,21
2006,6,22,22
2006,6,23,23
2006,6,24,24
2006,6,25,25
2006,6,26,26
2006,6,27,27
2006,6,28,28
2006,6,29,29
2006,6,30,30
2006,7,1,1
2006,7,2,2
2006,7,3,3
2006,7,4,4
2006,7,5,5
2006,7,6,6
2006,7,7,7
2006,7,8,8
2006,7,9,9
2006,7,10,10
2006,7,11,11
2006,7,12,12
2006,7,13,13
2006,7,14,14
2006,7,15,15
2006,7,16,16
2006,7,17,17
2006,7,18,18
2006,7,19,19
2006,7,20,20
2006,7,21,21
2006,7,22,22
2006,7,23,23
2006,7,24,24
2006,7,25,25
2006,7,26,26
2006,7,27,27
2006,7,28,28
2006,7,29,29
2006,7,30,30
2006,7,31,31
2006,8,1,1
2006,8,2,2
2006,8,3,3
2006,8,4,4
2006,8,5,5
2006,8,6,6
2006,8,7,7
2006,8,8,8
2006,8,9,9
2006,8,10,10
2006,8,11,11
2006,8,12,12
2006,8,13,13
2006,8,14,14
2006,8,15,15
2006,8,16,16
2006,8,17,17
2006,8,18,18
2006,8,19,19
2006,8,20,20
2006,8,21,21
2006,8,22,22
2006,8,23,23
2006,8,24,24
2006,8,25,25
2006,8,26,26
2006,8,27,27
2006,8,28,28
2006,8,29,29
2006,8,30,30
2006,8,31,31
2006,9,1,1
2006,9,2,2
2006,9,3,3
2006,9,4,4
2006,9,5,5
2006,9,6,6
2006,9,7,7
2006,9,8,8
2006,9,9,9
2006,9,10,10
2006,9,11,11
2006,9,12,12
2006,9,13,13
2006,9,14,14
2006,9,15,15
2006,9,16,16
2006,9,17,17
2006,9,18,18
2006,9,19,19
2006,9,20,20
2006,9,21,21
2006,9,22,22
2006,9,23,23
2006,9,24,24
2006,9,25,25
2006,9,26,26
2006,9,27,27
2006,9,28,28
2006,9,29,29
2006,9,30,30
2006,10,1,1
2006,10,2,2
2006,10,3,3
2006,10,4,4
2006,10,5,5
2006,10,6,6
2006,10,7,7
2006,10,8,8
2006,10,9,9
2006,10,10,10
2006,10,11,11
2006,10,12,12
2006,10,13,13
2006,10,14,14
2006,10,15,15
2006,10,16,16
2006,10,17,17
2006,10,18,18
2006,10,19,19
2006,10,20,20
2006,10,21,21
2006,10,22,22
2006,10,23,23
2006,10,24,24
2006,10,25,25
2006,10,26,26
2006,10,27,27
2006,10,28,28
2006,10,29,29
2006,10,30,30
2006,10,31,31
2006,11,1,1
2006,11,2,2
2006,11,3,3
2006,11,4,4
2006,11,5,5
2006,11,6,6
2006,11,7,7
2006,11,8,8
2006,11,9,9
2006,11,10,10
2006,11,11,11
2006,11,12,12
2006,11,13,13
2006,11,14,14
2006,11,15,15
2006,11,16,16
2006,11,17,17
2006,11,18,18
2006,11,19,19
2006,11,20,20
2006,11,21,21
2006,11,22,22
2006,11,23,23
2006,11,24,24
2006,11,25,25
2006,11,26,26
2006,11,27,27
2006,11,28,28
2006,11,29,29
2006,11,30,30
2006,12,1,1
2006,12,2,2
2006,12,3,3
2006,12,4,4
2006,12,5,5
2006,12,6,6
2006,12,7,7
2006,12,8,8
2006,12,9,9
2006,12,10,10
2006,12,11,11
2006,12,12,12
2006,12,13,13
2006,12,14,14
2006,12,15,15
2006,12,16,16
2006,12,17,17
2006,12,18,18
2006,12,19,19
2006,12,20,20
2006,12,21,21
2006,12,22,22
2006,12,23,23
2006,12,24,24
2006,12,25,25
2006,12,26,26
2006,12,27,27
2006,12,28,28
2006,12,29,29
2006,12,30,30
2006,12,31,31
2007,1,1,1
2007,1,2,2
2007,1,3,3
2007,1,4,4
2007,1,5,5
2007,1,6,6
2007,1,7,7
2007,1,8,8
2007,1,9,9
2007,1,10,10
2007,1,11,11
2007,1,12,12
2007,1,13,13
2007,1,14,14
2007,1,15,15
2007,1,16,16
2007,1,17,17
2007,1,18,18
2007,1,19,19
2007,1,20,20
2007,1,21,21
2007,1,22,22
2007,1,23,23
2007,1,24,24
2007,1,25,25
2007,1,26,26
2007,1,27,27
2007,1,28,28
2007,1,29,29
2007,1,30,30
2007,1,31,31
2007,2,1,1
2007,2,2,2
2007,2,3,3
2007,2,4,4
2007,2,5,5
2007,2,6,6
2007,2,7,7
2007,2,8,8
2007,2,9,9
2007,2,10,10
2007,2,11,11
2007,2,12,12
2007,2,13,13
2007,2,14,14
2007,2,15,15
2007,2,16,16
2007,2,17,17
2007,2,18,18
2007,2,19,19
2007,2,20,20
2007,2,21,21
2007,2,22,22
2007,2,23,23
2007,2,24,24
2007,2,25,25
2007,2,26,26
2007,2,27,27
2007,2,28,28
2007,3,1,1
2007,3,2,2
2007,3,3,3
2007,3,4,4
2007,3,5,5
2007,3,6,6
2007,3,7,7
2007,3,8,8
2007,3,9,9
2007,3,10,10
2007,3,11,11
2007,3,12,12
2007,3,13,13
2007,3,14,14
2007,3,15,15
2007,3,16,16
2007,3,17,17
2007,3,18,18
2007,3,19,19
2007,3,20,20
2007,3,21,21
2007,3,22,22
2007,3,23,23
2007,3,24,24
2007,3,25,25
2007,3,26,26
2007,3,27,27
2007,3,28,28
2007,3,29,29
2007,3,30,30
2007,3,31,31
2007,4,1,1
2007,4,2,2
2007,4,3,3
2007,4,4,4
2007,4,5,5
2007,4,6,6
2007,4,7,7
2007,4,8,8
2007,4,9,9
2007,4,10,10
2007,4,11,11
2007,4,12,12
2007,4,13,13
2007,4,14,14
2007,4,15,15
2007,4,16,16
2007,4,17,17
2007,4,18,18
2007,4,19,19
2007,4,20,20
2007,4,21,21
2007,4,22,22
2007,4,23,23
2007,4,24,24
2007,4,25,25
2007,4,26,26
2007,4,27,27
2007,4,28,28
2007,4,29,29
2007,4,30,30
2007,5,1,1
2007,5,2,2
2007,5,3,3
2007,5,4,4
2007,5,5,5
2007,5,6,6
2007,5,7,7
2007,5,8,8
2007,5,9,9
2007,5,10,10
2007,5,11,11
2007,5,12,12
2007,5,13,13
2007,5,14,14
2007,5,15,15
2007,5,16,16
2007,5,17,17
2007,5,18,18
2007,5,19,19
2007,5,20,20
2007,5,21,21
2007,5,22,22
2007,5,23,23
2007,5,24,24
2007,5,25,25
2007,5,26,26
2007,5,27,27
2007,5,28,28
2007,5,29,29
2007,5,30,30
2007,5,31,31
2007,6,1,1
2007,6,2,2
2007,6,3,3
2007,6,4,4
2007,6,5,5
2007,6,6,6
2007,6,7,7
2007,6,8,8
2007,6,9,9
2007,6,10,10
2007,6,11,11
2007,6,12,12
2007,6,13,13
2007,6,14,14
2007,6,15,15
2007,6,16,16
2007,6,17,17
2007,6,18,18
2007,6,19,19
2007,6,20,20
2007,6,21,21
2007,6,22,22
2007,6,23,23
2007,6,24,24
2007,6,25,25
2007,6,26,26
2007,6,27,27
2007,6,28,28
2007,6,29,29
2007,6,30,30
2007,7,1,1
2007,7,2,2
2007,7,3,3
2007,7,4,4
2007,7,5,5
2007,7,6,6
2007,7,7,7
2007,7,8,8
2007,7,9,9
2007,7,10,10
2007,7,11,11
2007,7,12,12
2007,7,13,13
2007,7,14,14
2007,7,15,15
2007,7,16,16
2007,7,17,17
2007,7,18,18
2007,7,19,19
2007,7,20,20
2007,7,21,21
2007,7,22,22
2007,7,23,23
2007,7,24,24
2007,7,25,25
2007,7,26,26
2007,7,27,27
2007,7,28,28
2007,7,29,29
2007,7,30,30
2007,7,31,31
2007,8,1,1
2007,8,2,2
2007,8,3,3
2007,8,4,4
2007,8,5,5
2007,8,6,6
2007,8,7,7
2007,8,8,8
2007,8,9,9
2007,8,10,10
2007,8,11,11
2007,8,12,12
2007,8,13,13
2007,8,14,14
2007,8,15,15
2007,8,16,16
2007,8,17,17
2007,8,18,18
2007,8,19,19
2007,8,20,20
2007,8,21,21
2007,8,22,22
2007,8,23,23
2007,8,24,24
2007,8,25,25
2007,8,26,26
2007,8,27,27
2007,8,28,28
2007,8,29,29
2007,8,30,30
2007,8,31,31
2007,9,1,1
2007,9,2,2
2007,9,3,3
2007,9,4,4
2007,9,5,5
2007,9,6,6
2007,9,7,7
2007,9,8,8
2007,9,9,9
2007,9,10,10
2007,9,11,11
2007,9,12,12
2007,9,13,13
2007,9,14,14
2007,9,15,15
2007,9,16,16
2007,9,17,17
2007,9,18,18
2007,9,19,19
2007,9,20,20
2007,9,21,21
2007,9,22,22
2007,9,23,23
2007,9,24,24
2007,9,25,25
2007,9,26,26
2007,9,27,27
2007,9,28,28
2007,9,29,29
2007,9,30,30
2007,10,1,1
2007,10,2,2
2007,10,3,3
2007,10,4,4
2007,10,5,5
2007,10,6,6
2007,10,7,7
2007,10,8,8
2007,10,9,9
2007,10,10,10
2007,10,11,11
2007,10,12,12
2007,10,13,13
2007,10,14,14
2007,10,15,15
2007,10,16,16
2007,10,17,17
2007,10,18,18
2007,10,19,19
2007,10,20,20
2007,10,21,21
2007,10,22,22
2007,10,23,23
2007,10,24,24
2007,10,25,25
2007,10,26,26
2007,10,27,27
2007,10,28,28
2007,10,29,29
2007,10,30,30
2007,10,31,31
2007,11,1,1
2007,11,2,2
2007,11,3,3
2007,11,4,4
2007,11,5,5
2007,11,6,6
2007,11,7,7
2007,11,8,8
2007,11,9,9
2007,11,10,10
2007,11,11,11
2007,11,12,12
2007,11,13,13
2007,11,14,14
2007,11,15,15
2007,11,16,16
2007,11,17,17
2007,11,18,18
2007,11,19,19
2007,11,20,20
2007,11,21,21
2007,11,22,22
2007,11,23,23
2007,11,24,24
2007,11,25,25
2007,11,26,26
2007,11,27,27
2007,11,28,28
2007,11,29,29
2007,11,30,30
2007,12,1,1
2007,12,2,2
2007,12,3,3
2007,12,4,4
2007,12,5,5
2007,12,6,6
2007,12,7,7
2007,12,8,8
2007,12,9,9
2007,12,10,10
2007,12,11,11
2007,12,12,12
2007,12,13,13
2007,12,14,14
2007,12,15,15
2007,12,16,16
2007,12,17,17
2007,12,18,18
2007,12,19,19
2007,12,20,20
2007,12,21,21
2007,12,22,22
2007,12,23,23
2007,12,24,24
2007,12,25,25
2007,12,26,26
2007,12,27,27
2007,12,28,28
2007,12,29,29
2007,12,30,30
2007,12,31,31
2008,1,1,1
2008,1,2,2
2008,1,3,3
2008,1,4,4
2008,1,5,5
2008,1,6,6
2008,1,7,7
2008,1,8,8
2008,1,9,9
2008,1,10,10
2008,1,11,11
2008,1,12,12
2008,1,13,13
2008,1,14,14
2008,1,15,15
2008,1,16,16
2008,1,17,17
2008,1,18,18
2008,1,19,19
2008,1,20,20
2008,1,21,21
2008,1,22,22
2008,1,23,23
2008,1,24,24
2008,1,25,25
2008,1,26,26
2008,1,27,27
2008,1,28,28
2008,1,29,29
2008,1,30,30
2008,1,31,31
2008,2,1,1
2008,2,2,2
2008,2,3,3
2008,2,4,4
2008,2,5,5
2008,2,6,6
2008,2,7,7
2008,2,8,8
2008,2,9,9
2008,2,10,10
2008,2,11,11
2008,2,12,12
2008,2,13,13
2008,2,14,14
2008,2,15,15
2008,2,16,16
2008,2,17,17
2008,2,18,18
2008,2,19,19
2008,2,20,20
2008,2,21,21
2008,2,22,22
2008,2,23,23
2008,2,24,24
2008,2,25,25
2008,2,26,26
2008,2,27,27
2008,2,28,28
2008,2,29,29
2008,3,1,1
2008,3,2,2
2008,3,3,3
2008,3,4,4
2008,3,5,5
2008,3,6,6
2008,3,7,7
2008,3,8,8
2008,3,9,9
2008,3,10,10
2008,3,11,11
2008,3,12,12
2008,3,13,13
2008,3,14,14
2008,3,15,15
2008,3,16,16
2008,3,17,17
2008,3,18,18
2008,3,19,19
2008,3,20,20
2008,3,21,21
2008,3,22,22
2008,3,23,23
2008,3,24,24
2008,3,25,25
2008,3,26,26
2008,3,27,27
2008,3,28,28
2008,3,29,29
2008,3,30,30
2008,3,31,31
2008,4,1,1
2008,4,2,2
2008,4,3,3
2008,4,4,4
2008,4,5,5
2008,4,6,6
2008,4,7,7
2008,4,8,8
2008,4,9,9
2008,4,10,10
2008,4,11,11
2008,4,12,12
2008,4,13,13
2008,4,14,14
2008,4,15,15
2008,4,16,16
2008,4,17,17
2008,4,18,18
2008,4,19,19
2008,4,20,20
2008,4,21,21
2008,4,22,22
2008,4,23,23
2008,4,24,24
2008,4,25,25
2008,4,26,26
2008,4,27,27
2008,4,28,28
2008,4,29,29
2008,4,30,30
2008,5,1,1
2008,5,2,2
2008,5,3,3
2008,5,4,4
2008,5,5,5
2008,5,6,6
2008,5,7,7
2008,5,8,8
2008,5,9,9
2008,5,10,10
2008,5,11,11
2008,5,12,12
2008,5,13,13
2008,5,14,14
2008,5,15,15
2008,5,16,16
2008,5,17,17
2008,5,18,18
2008,5,19,19
2008,5,20,20
2008,5,21,21
2008,5,22,22
2008,5,23,23
2008,5,24,24
2008,5,25,25
2008,5,26,26
2008,5,27,27
2008,5,28,28
2008,5,29,29
2008,5,30,30
2008,5,31,31
2008,6,1,1
2008,6,2,2
2008,6,3,3
2008,6,4,4
2008,6,5,5
2008,6,6,6
2008,6,7,7
2008,6,8,8
2008,6,9,9
2008,6,10,10
2008,6,11,11
2008,6,12,12
2008,6,13,13
2008,6,14,14
2008,6,15,15
2008,6,16,16
2008,6,17,17
2008,6,18,18
2008,6,19,19
2008,6,20,20
2008,6,21,21
2008,6,22,22
2008,6,23,23
2008,6,24,24
2008,6,25,25
2008,6,26,26
2008,6,27,27
2008,6,28,28
2008,6,29,29
2008,6,30,30
2008,7,1,1
2008,7,2,2
2008,7,3,3
2008,7,4,4
2008,7,5,5
2008,7,6,6
2008,7,7,7
2008,7,8,8
2008,7,9,9
2008,7,10,10
2008,7,11,11
2008,7,12,12
2008,7,13,13
2008,7,14,14
2008,7,15,15
2008,7,16,16
2008,7,17,17
2008,7,18,18
2008,7,19,19
2008,7,20,20
2008,7,21,21
2008,7,22,22
2008,7,23,23
2008,7,24,24
2008,7,25,25
2008,7,26,26
2008,7,27,27
2008,7,28,28
2008,7,29,29
2008,7,30,30
2008,7,31,31
2008,8,1,1
2008,8,2,2
2008,8,3,3
2008,8,4,4
2008,8,5,5
2008,8,6,6
2008,8,7,7
2008,8,8,8
2008,8,9,9
2008,8,10,10
2008,8,11,11
2008,8,12,12
2008,8,13,13
2008,8,14,14
2008,8,15,15
2008,8,16,16
2008,8,17,17
2008,8,18,18
2008,8,19,19
2008,8,20,20
2008,8,21,21
2008,8,22,22
2008,8,23,23
2008,8,24,24
2008,8,25,25
2008,8,26,26
2008,8,27,27
2008,8,28,28
2008,8,29,29
2008,8,30,30
2008,8,31,31
2008,9,1,1
2008,9,2,2
2008,9,3,3
2008,9,4,4
2008,9,5,5
2008,9,6,6
2008,9,7,7
2008,9,8,8
2008,9,9,9
2008,9,10,10
2008,9,11,11
2008,9,12,12
2008,9,13,13
2008,9,14,14
2008,9,15,15
2008,9,16,16
2008,9,17,17
2008,9,18,18
2008,9,19,19
2008,9,20,20
2008,9,21,21
2008,9,22,22
2008,9,23,23
2008,9,24,24
2008,9,25,25
2008,9,26,26
2008,9,27,27
2008,9,28,28
2008,9,29,29
2008,9,30,30
2008,10,1,1
2008,10,2,2
2008,10,3,3
2008,10,4,4
2008,10,5,5
2008,10,6,6
2008,10,7,7
2008,10,8,8
2008,10,9,9
2008,10,10,10
2008,10,11,11
2008,10,12,12
2008,10,13,13
2008,10,14,14
2008,10,15,15
2008,10,16,16
2008,10,17,17
2008,10,18,18
2008,10,19,19
2008,10,20,20
2008,10,21,21
2008,10,22,22
2008,10,23,23
2008,10,24,24
2008,10,25,25
2008,10,26,26
2008,10,27,27
2008,10,28,28
2008,10,29,29
2008,10,30,30
2008,10,31,31
2008,11,1,1
2008,11,2,2
2008,11,3,3
2008,11,4,4
2008,11,5,5
2008,11,6,6
2008,11,7,7
2008,11,8,8
2008,11,9,9
2008,11,10,10
2008,11,11,11
2008,11,12,12
2008,11,13,13
2008,11,14,14
2008,11,15,15
2008,11,16,16
2008,11,17,17
2008,11,18,18
2008,11,19,19
2008,11,20,20
2008,11,21,21
2008,11,22,22
2008,11,23,23
2008,11,24,24
2008,11,25,25
2008,11,26,26
2008,11,27,27
2008,11,28,28
2008,11,29,29
2008,11,30,30
2008,12,1,1
2008,12,2,2
2008,12,3,3
2008,12,4,4
2008,12,5,5
2008,12,6,6
2008,12,7,7
2008,12,8,8
2008,12,9,9
2008,12,10,10
2008,12,11,11
2008,12,12,12
2008,12,13,13
2008,12,14,14
2008,12,15,15
2008,12,16,16
2008,12,17,17
2008,12,18,18
2008,12,19,19
2008,12,20,20
2008,12,21,21
2008,12,22,22
2008,12,23,23
2008,12,24,24
2008,12,25,25
2008,12,26,26
2008,12,27,27
2008,12,28,28
2008,12,29,29
2008,12,30,30
2008,12,31,31
2009,1,1,1
2009,1,2,2
2009,1,3,3
2009,1,4,4
2009,1,5,5
2009,1,6,6
2009,1,7,7
2009,1,8,8
2009,1,9,9
2009,1,10,10
2009,1,11,11
2009,1,12,12
2009,1,13,13
2009,1,14,14
2009,1,15,15
2009,1,16,16
2009,1,17,17
2009,1,18,18
2009,1,19,19
2009,1,20,20
2009,1,21,21
2009,1,22,22
2009,1,23,23
2009,1,24,24
2009,1,25,25
2009,1,26,26
2009,1,27,27
2009,1,28,28
2009,1,29,29
2009,1,30,30
2009,1,31,31
2009,2,1,1
2009,2,2,2
2009,2,3,3
2009,2,4,4
2009,2,5,5
2009,2,6,6
2009,2,7,7
2009,2,8,8
2009,2,9,9
2009,2,10,10
2009,2,11,11
2009,2,12,12
2009,2,13,13
2009,2,14,14
2009,2,15,15
2009,2,16,16
2009,2,17,17
2009,2,18,18
2009,2,19,19
2009,2,20,20
2009,2,21,21
2009,2,22,22
2009,2,23,23
2009,2,24,24
2009,2,25,25
2009,2,26,26
2009,2,27,27
2009,2,28,28
2009,3,1,1
2009,3,2,2
2009,3,3,3
2009,3,4,4
2009,3,5,5
2009,3,6,6
2009,3,7,7
2009,3,8,8
2009,3,9,9
2009,3,10,10
2009,3,11,11
2009,3,12,12
2009,3,13,13
2009,3,14,14
2009,3,15,15
2009,3,16,16
2009,3,17,17
2009,3,18,18
2009,3,19,19
2009,3,20,20
2009,3,21,21
2009,3,22,22
2009,3,23,23
2009,3,24,24
2009,3,25,25
2009,3,26,26
2009,3,27,27
2009,3,28,28
2009,3,29,29
2009,3,30,30
2009,3,31,31
2009,4,1,1
2009,4,2,2
2009,4,3,3
2009,4,4,4
2009,4,5,5
2009,4,6,6
2009,4,7,7
2009,4,8,8
2009,4,9,9
2009,4,10,10
2009,4,11,11
2009,4,12,12
2009,4,13,13
2009,4,14,14
2009,4,15,15
2009,4,16,16
2009,4,17,17
2009,4,18,18
2009,4,19,19
2009,4,20,20
2009,4,21,21
2009,4,22,22
2009,4,23,23
2009,4,24,24
2009,4,25,25
2009,4,26,26
2009,4,27,27
2009,4,28,28
2009,4,29,29
2009,4,30,30
2009,5,1,1
2009,5,2,2
2009,5,3,3
2009,5,4,4
2009,5,5,5
2009,5,6,6
2009,5,7,7
2009,5,8,8
2009,5,9,9
2009,5,10,10
2009,5,11,11
2009,5,12,12
2009,5,13,13
2009,5,14,14
2009,5,15,15
2009,5,16,16
2009,5,17,17
2009,5,18,18
2009,5,19,19
2009,5,20,20
2009,5,21,21
2009,5,22,22
2009,5,23,23
2009,5,24,24
2009,5,25,25
2009,5,26,26
2009,5,27,27
2009,5,28,28
2009,5,29,29
2009,5,30,30
2009,5,31,31
2009,6,1,1
2009,6,2,2
2009,6,3,3
2009,6,4,4
2009,6,5,5
2009,6,6,6
2009,6,7,7
2009,6,8,8
2009,6,9,9
2009,6,10,10
2009,6,11,11
2009,6,12,12
2009,6,13,13
2009,6,14,14
2009,6,15,15
2009,6,16,16
2009,6,17,17
2009,6,18,18
2009,6,19,19
2009,6,20,20
2009,6,21,21
2009,6,22,22
2009,6,23,23
2009,6,24,24
2009,6,25,25
2009,6,26,26
2009,6,27,27
2009,6,28,28
2009,6,29,29
2009,6,30,30
2009,7,1,1
2009,7,2,2
2009,7,3,3
2009,7,4,4
2009,7,5,5
2009,7,6,6
2009,7,7,7
2009,7,8,8
2009,7,9,9
2009,7,10,10
2009,7,11,11
2009,7,12,12
2009,7,13,13
2009,7,14,14
2009,7,15,15
2009,7,16,16
2009,7,17,17
2009,7,18,18
2009,7,19,19
2009,7,20,20
2009,7,21,21
2009,7,22,22
2009,7,23,23
2009,7,24,24
2009,7,25,25
2009,7,26,26
2009,7,27,27
2009,7,28,28
2009,7,29,29
2009,7,30,30
2009,7,31,31
2009,8,1,1
2009,8,2,2
2009,8,3,3
2009,8,4,4
2009,8,5,5
2009,8,6,6
2009,8,7,7
2009,8,8,8
2009,8,9,9
2009,8,10,10
2009,8,11,11
2009,8,12,12
2009,8,13,13
2009,8,14,14
2009,8,15,15
2009,8,16,16
2009,8,17,17
2009,8,18,18
2009,8,19,19
2009,8,20,20
2009,8,21,21
2009,8,22,22
2009,8,23,23
2009,8,24,24
2009,8,25,25
2009,8,26,26
2009,8,27,27
2009,8,28,28
2009,8,29,29
2009,8,30,30
2009,8,31,31
2009,9,1,1
2009,9,2,2
2009,9,3,3
2009,9,4,4
2009,9,5,5
2009,9,6,6
2009,9,7,7
2009,9,8,8
2009,9,9,9
2009,9,10,10
2009,9,11,11
2009,9,12,12
2009,9,13,13
2009,9,14,14
2009,9,15,15
2009,9,16,16
2009,9,17,17
2009,9,18,18
2009,9,19,19
2009,9,20,20
2009,9,21,21
2009,9,22,22
2009,9,23,23
2009,9,24,24
2009,9,25,25
2009,9,26,26
2009,9,27,27
2009,9,28,28
2009,9,29,29
2009,9,30,30
2009,10,1,1
2009,10,2,2
2009,10,3,3
2009,10,4,4
2009,10,5,5
2009,10,6,6
2009,10,7,7
2009,10,8,8
2009,10,9,9
2009,10,10,10
2009,10,11,11
2009,10,12,12
2009,10,13,13
2009,10,14,14
2009,10,15,15
2009,10,16,16
2009,10,17,17
2009,10,18,18
2009,10,19,19
2009,10,20,20
2009,10,21,21
2009,10,22,22
2009,10,23,23
2009,10,24,24
2009,10,25,25
2009,10,26,26
2009,10,27,27
2009,10,28,28
2009,10,29,29
2009,10,30,30
2009,10,31,31
2009,11,1,1
2009,11,2,2
2009,11,3,3
2009,11,4,4
2009,11,5,5
2009,11,6,6
2009,11,7,7
2009,11,8,8
2009,11,9,9
2009,11,10,10
2009,11,11,11
2009,11,12,12
2009,11,13,13
2009,11,14,14
2009,11,15,15
2009,11,16,16
2009,11,17,17
2009,11,18,18
2009,11,19,19
2009,11,20,20
2009,11,21,21
2009,11,22,22
2009,11,23,23
2009,11,24,24
2009,11,25,25
2009,11,26,26
2009,11,27,27
2009,11,28,28
2009,11,29,29
2009,11,30,30
2009,12,1,1
2009,12,2,2
2009,12,3,3
2009,12,4,4
2009,12,5,5
2009,12,6,6
2009,12,7,7
2009,12,8,8
2009,12,9,9
2009,12,10,10
2009,12,11,11
2009,12,12,12
2009,12,13,13
2009,12,14,14
2009,12,15,15
2009,12,16,16
2009,12,17,17
2009,12,18,18
2009,12,19,19
2009,12,20,20
2009,12,21,21
2009,12,22,22
2009,12,23,23
2009,12,24,24
2009,12,25,25
2009,12,26,26
2009,12,27,27
2009,12,28,28
2009,12,29,29
2009,12,30,30
2009,12,31,31
2010,1,1,1
2010,1,2,2
2010,1,3,3
2010,1,4,4
2010,1,5,5
2010,1,6,6
2010,1,7,7
2010,1,8,8
2010,1,9,9
2010,1,10,10
2010,1,11,11
2010,1,12,12
2010,1,13,13
2010,1,14,14
2010,1,15,15
2010,1,16,16
2010,1,17,17
2010,1,18,18
2010,1,19,19
2010,1,20,20
2010,1,21,21
2010,1,22,22
2010,1,23,23
2010,1,24,24
2010,1,25,25
2010,1,26,26
2010,1,27,27
2010,1,28,28
2010,1,29,29
2010,1,30,30
2010,1,31,31
2010,2,1,1
2010,2,2,2
2010,2,3,3
2010,2,4,4
2010,2,5,5
2010,2,6,6
2010,2,7,7
2010,2,8,8
2010,2,9,9
2010,2,10,10
2010,2,11,11
2010,2,12,12
2010,2,13,13
2010,2,14,14
2010,2,15,15
2010,2,16,16
2010,2,17,17
2010,2,18,18
2010,2,19,19
2010,2,20,20
2010,2,21,21
2010,2,22,22
2010,2,23,23
2010,2,24,24
2010,2,25,25
2010,2,26,26
2010,2,27,27
2010,2,28,28
2010,3,1,1
2010,3,2,2
2010,3,3,3
2010,3,4,4
2010,3,5,5
2010,3,6,6
2010,3,7,7
2010,3,8,8
2010,3,9,9
2010,3,10,10
2010,3,11,11
2010,3,12,12
2010,3,13,13
2010,3,14,14
2010,3,15,15
2010,3,16,16
2010,3,17,17
2010,3,18,18
2010,3,19,19
2010,3,20,20
2010,3,21,21
2010,3,22,22
2010,3,23,23
2010,3,24,24
2010,3,25,25
2010,3,26,26
2010,3,27,27
2010,3,28,28
2010,3,29,29
2010,3,30,30
2010,3,31,31
2010,4,1,1
2010,4,2,2
2010,4,3,3
2010,4,4,4
2010,4,5,5
2010,4,6,6
2010,4,7,7
2010,4,8,8
2010,4,9,9
2010,4,10,10
2010,4,11,11
2010,4,12,12
2010,4,13,13
2010,4,14,14
2010,4,15,15
2010,4,16,16
2010,4,17,17
2010,4,18,18
2010,4,19,19
2010,4,20,20
2010,4,21,21
2010,4,22,22
2010,4,23,23
2010,4,24,24
2010,4,25,25
2010,4,26,26
2010,4,27,27
2010,4,28,28
2010,4,29,29
2010,4,30,30
2010,5,1,1
2010,5,2,2
2010,5,3,3
2010,5,4,4
2010,5,5,5
2010,5,6,6
2010,5,7,7
2010,5,8,8
2010,5,9,9
2010,5,10,10
2010,5,11,11
2010,5,12,12
2010,5,13,13
2010,5,14,14
2010,5,15,15
2010,5,16,16
2010,5,17,17
2010,5,18,18
2010,5,19,19
2010,5,20,20
2010,5,21,21
2010,5,22,22
2010,5,23,23
2010,5,24,24
2010,5,25,25
2010,5,26,26
2010,5,27,27
2010,5,28,28
2010,5,29,29
2010,5,30,30
2010,5,31,31
2010,6,1,1
2010,6,2,2
2010,6,3,3
2010,6,4,4
2010,6,5,5
2010,6,6,6
2010,6,7,7
2010,6,8,8
2010,6,9,9
2010,6,10,10
2010,6,11,11
2010,6,12,12
2010,6,13,13
2010,6,14,14
2010,6,15,15
2010,6,16,16
2010,6,17,17
2010,6,18,18
2010,6,19,19
2010,6,20,20
2010,6,21,21
2010,6,22,22
2010,6,23,23
2010,6,24,24
2010,6,25,25
2010,6,26,26
2010,6,27,27
2010,6,28,28
2010,6,29,29
2010,6,30,30
2010,7,1,1
2010,7,2,2
2010,7,3,3
2010,7,4,4
2010,7,5,5
2010,7,6,6
2010,7,7,7
2010,7,8,8
2010,7,9,9
2010,7,10,10
2010,7,11,11
2010,7,12,12
2010,7,13,13
2010,7,14,14
2010,7,15,15
2010,7,16,16
2010,7,17,17
2010,7,18,18
2010,7,19,19
2010,7,20,20
2010,7,21,21
2010,7,22,22
2010,7,23,23
2010,7,24,24
2010,7,25,25
2010,7,26,26
2010,7,27,27
2010,7,28,28
2010,7,29,29
2010,7,30,30
2010,7,31,31
2010,8,1,1
2010,8,2,2
2010,8,3,3
2010,8,4,4
2010,8,5,5
2010,8,6,6
2010,8,7,7
2010,8,8,8
2010,8,9,9
2010,8,10,10
2010,8,11,11
2010,8,12,12
2010,8,13,13
2010,8,14,14
2010,8,15,15
2010,8,16,16
2010,8,17,17
2010,8,18,18
2010,8,19,19
2010,8,20,20
2010,8,21,21
2010,8,22,22
2010,8,23,23
2010,8,24,24
2010,8,25,25
2010,8,26,26
2010,8,27,27
2010,8,28,28
2010,8,29,29
2010,8,30,30
2010,8,31,31
2010,9,1,1
2010,9,2,2
2010,9,3,3
2010,9,4,4
2010,9,5,5
2010,9,6,6
2010,9,7,7
2010,9,8,8
2010,9,9,9
2010,9,10,10
2010,9,11,11
2010,9,12,12
2010,9,13,13
2010,9,14,14
2010,9,15,15
2010,9,16,16
2010,9,17,17
2010,9,18,18
2010,9,19,19
2010,9,20,20
2010,9,21,21
2010,9,22,22
2010,9,23,23
2010,9,24,24
2010,9,25,25
2010,9,26,26
2010,9,27,27
2010,9,28,28
2010,9,29,29
2010,9,30,30
2010,10,1,1
2010,10,2,2
2010,10,3,3
2010,10,4,4
2010,10,5,5
2010,10,6,6
2010,10,7,7
2010,10,8,8
2010,10,9,9
2010,10,10,10
2010,10,11,11
2010,10,12,12
2010,10,13,13
2010,10,14,14
2010,10,15,15
2010,10,16,16
2010,10,17,17
2010,10,18,18
2010,10,19,19
2010,10,20,20
2010,10,21,21
2010,10,22,22
2010,10,23,23
2010,10,24,24
2010,10,25,25
2010,10,26,26
2010,10,27,27
2010,10,28,28
2010,10,29,29
2010,10,30,30
2010,10,31,31
2010,11,1,1
2010,11,2,2
2010,11,3,3
2010,11,4,4
2010,11,5,5
2010,11,6,6
2010,11,7,7
2010,11,8,8
2010,11,9,9
2010,11,10,10
2010,11,11,11
2010,11,12,12
2010,11,13,13
2010,11,14,14
2010,11,15,15
2010,11,16,16
2010,11,17,17
2010,11,18,18
2010,11,19,19
2010,11,20,20
2010,11,21,21
2010,11,22,22
2010,11,23,23
2010,11,24,24
2010,11,25,25
2010,11,26,26
2010,11,27,27
2010,11,28,28
2010,11,29,29
2010,11,30,30
2010,12,1,1
2010,12,2,2
2010,12,3,3
2010,12,4,4
2010,12,5,5
2010,12,6,6
2010,12,7,7
2010,12,8,8
2010,12,9,9
2010,12,10,10
2010,12,11,11
2010,12,12,12
2010,12,13,13
2010,12,14,14
2010,12,15,15
2010,12,16,16
2010,12,17,17
2010,12,18,18
2010,12,19,19
2010,12,20,20
2010,12,21,21
2010,12,22,22
2010,12,23,23
2010,12,24,24
2010,12,25,25
2010,12,26,26
2010,12,27,27
2010,12,28,28
2010,12,29,29
2010,12,30,30
2010,12,31,31
2011,1,1,1
2011,1,2,2
2011,1,3,3
2011,1,4,4
2011,1,5,5
2011,1,6,6
2011,1,7,7
2011,1,8,8
2011,1,9,9
2011,1,10,10
2011,1,11,11
2011,1,12,12
2011,1,13,13
2011,1,14,14
2011,1,15,15
2011,1,16,16
2011,1,17,17
2011,1,18,18
2011,1,19,19
2011,1,20,20
2011,1,21,21
2011,1,22,22
2011,1,23,23
2011,1,24,24
2011,1,25,25
2011,1,26,26
2011,1,27,27
2011,1,28,28
2011,1,29,29
2011,1,30,30
2011,1,31,31
2011,2,1,1
2011,2,2,2
2011,2,3,3
2011,2,4,4
2011,2,5,5
2011,2,6,6
2011,2,7,7
2011,2,8,8
2011,2,9,9
2011,2,10,10
2011,2,11,11
2011,2,12,12
2011,2,13,13
2011,2,14,14
2011,2,15,15
2011,2,16,16
2011,2,17,17
2011,2,18,18
2011,2,19,19
2011,2,20,20
2011,2,21,21
2011,2,22,22
2011,2,23,23
2011,2,24,24
2011,2,25,25
2011,2,26,26
2011,2,27,27
2011,2,28,28
2011,3,1,1
2011,3,2,2
2011,3,3,3
2011,3,4,4
2011,3,5,5
2011,3,6,6
2011,3,7,7
2011,3,8,8
2011,3,9,9
2011,3,10,10
2011,3,11,11
2011,3,12,12
2011,3,13,13
2011,3,14,14
2011,3,15,15
2011,3,16,16
2011,3,17,17
2011,3,18,18
2011,3,19,19
2011,3,20,20
2011,3,21,21
2011,3,22,22
2011,3,23,23
2011,3,24,24
2011,3,25,25
2011,3,26,26
2011,3,27,27
2011,3,28,28
2011,3,29,29
2011,3,30,30
2011,3,31,31
2011,4,1,1
2011,4,2,2
2011,4,3,3
2011,4,4,4
2011,4,5,5
2011,4,6,6
2011,4,7,7
2011,4,8,8
2011,4,9,9
2011,4,10,10
2011,4,11,11
2011,4,12,12
2011,4,13,13
2011,4,14,14
2011,4,15,15
2011,4,16,16
2011,4,17,17
2011,4,18,18
2011,4,19,19
2011,4,20,20
2011,4,21,21
2011,4,22,22
2011,4,23,23
2011,4,24,24
2011,4,25,25
2011,4,26,26
2011,4,27,27
2011,4,28,28
2011,4,29,29
2011,4,30,30
2011,5,1,1
2011,5,2,2
2011,5,3,3
2011,5,4,4
2011,5,5,5
2011,5,6,6
2011,5,7,7
2011,5,8,8
2011,5,9,9
2011,5,10,10
2011,5,11,11
2011,5,12,12
2011,5,13,13
2011,5,14,14
2011,5,15,15
2011,5,16,16
2011,5,17,17
2011,5,18,18
2011,5,19,19
2011,5,20,20
2011,5,21,21
2011,5,22,22
2011,5,23,23
2011,5,24,24
2011,5,25,25
2011,5,26,26
2011,5,27,27
2011,5,28,28
2011,5,29,29
2011,5,30,30
2011,5,31,31
2011,6,1,1
2011,6,2,2
2011,6,3,3
2011,6,4,4
2011,6,5,5
2011,6,6,6
2011,6,7,7
2011,6,8,8
2011,6,9,9
2011,6,10,10
2011,6,11,11
2011,6,12,12
2011,6,13,13
2011,6,14,14
2011,6,15,15
2011,6,16,16
2011,6,17,17
2011,6,18,18
2011,6,19,19
2011,6,20,20
2011,6,21,21
2011,6,22,22
2011,6,23,23
2011,6,24,24
2011,6,25,25
2011,6,26,26
2011,6,27,27
2011,6,28,28
2011,6,29,29
2011,6,30,30
2011,7,1,1
2011,7,2,2
2011,7,3,3
2011,7,4,4
2011,7,5,5
2011,7,6,6
2011,7,7,7
2011,7,8,8
2011,7,9,9
2011,7,10,10
2011,7,11,11
2011,7,12,12
2011,7,13,13
2011,7,14,14
2011,7,15,15
2011,7,16,16
2011,7,17,17
2011,7,18,18
2011,7,19,19
2011,7,20,20
2011,7,21,21
2011,7,22,22
2011,7,23,23
2011,7,24,24
2011,7,25,25
2011,7,26,26
2011,7,27,27
2011,7,28,28
2011,7,29,29
2011,7,30,30
2011,7,31,31
2011,8,1,1
2011,8,2,2
2011,8,3,3
2011,8,4,4
2011,8,5,5
2011,8,6,6
2011,8,7,7
2011,8,8,8
2011,8,9,9
2011,8,10,10
2011,8,11,11
2011,8,12,12
2011,8,13,13
2011,8,14,14
2011,8,15,15
2011,8,16,16
2011,8,17,17
2011,8,18,18
2011,8,19,19
2011,8,20,20
2011,8,21,21
2011,8,22,22
2011,8,23,23
2011,8,24,24
2011,8,25,25
2011,8,26,26
2011,8,27,27
2011,8,28,28
2011,8,29,29
2011,8,30,30
2011,8,31,31
2011,9,1,1
2011,9,2,2
2011,9,3,3
2011,9,4,4
2011,9,5,5
2011,9,6,6
2011,9,7,7
2011,9,8,8
2011,9,9,9
2011,9,10,10
2011,9,11,11
2011,9,12,12
2011,9,13,13
2011,9,14,14
2011,9,15,15
2011,9,16,16
2011,9,17,17
2011,9,18,18
2011,9,19,19
2011,9,20,20
2011,9,21,21
2011,9,22,22
2011,9,23,23
2011,9,24,24
2011,9,25,25
2011,9,26,26
2011,9,27,27
2011,9,28,28
2011,9,29,29
2011,9,30,30
2011,10,1,1
2011,10,2,2
2011,10,3,3
2011,10,4,4
2011,10,5,5
2011,10,6,6
2011,10,7,7
2011,10,8,8
2011,10,9,9
2011,10,10,10
2011,10,11,11
2011,10,12,12
2011,10,13,13
2011,10,14,14
2011,10,15,15
2011,10,16,16
2011,10,17,17
2011,10,18,18
2011,10,19,19
2011,10,20,20
2011,10,21,21
2011,10,22,22
2011,10,23,23
2011,10,24,24
2011,10,25,25
2011,10,26,26
2011,10,27,27
2011,10,28,28
2011,10,29,29
2011,10,30,30
2011,10,31,31
2011,11,1,1
2011,11,2,2
2011,11,3,3
2011,11,4,4
2011,11,5,5
2011,11,6,6
2011,11,7,7
2011,11,8,8
2011,11,9,9
2011,11,10,10
2011,11,11,11
2011,11,12,12
2011,11,13,13
2011,11,14,14
2011,11,15,15
2011,11,16,16
2011,11,17,17
2011,11,18,18
2011,11,19,19
2011,11,20,20
2011,11,21,21
2011,11,22,22
2011,11,23,23
2011,11,24,24
2011,11,25,25
2011,11,26,26
2011,11,27,27
2011,11,28,28
2011,11,29,29
2011,11,30,30
2011,12,1,1
2011,12,2,2
2011,12,3,3
2011,12,4,4
2011,12,5,5
2011,12,6,6
2011,12,7,7
2011,12,8,8
2011,12,9,9
2011,12,10,10
2011,12,11,11
2011,12,12,12
2011,12,13,13
2011,12,14,14
2011,12,15,15
2011,12,16,16
2011,12,17,17
2011,12,18,18
2011,12,19,19
2011,12,20,20
2011,12,21,21
2011,12,22,22
2011,12,23,23
2011,12,24,24
2011,12,25,25
2011,12,26,26
2011,12,27,27
2011,12,28,28
2011,12,29,29
2011,12,30,30
2011,12,31,31
2012,1,1,1
2012,1,2,2
2012,1,3,3
2012,1,4,4
2012,1,5,5
2012,1,6,6
2012,1,7,7
2012,1,8,8
2012,1,9,9
2012,1,10,10
2012,1,11,11
2012,1,12,12
2012,1,13,13
2012,1,14,14
2012,1,15,15
2012,1,16,16
2012,1,17,17
2012,1,18,18
2012,1,19,19
2012,1,20,20
2012,1,21,21
2012,1,22,22
2012,1,23,23
2012,1,24,24
2012,1,25,25
2012,1,26,26
2012,1,27,27
2012,1,28,28
2012,1,29,29
2012,1,30,30
2012,1,31,31
2012,2,1,1
2012,2,2,2
2012,2,3,3
2012,2,4,4
2012,2,5,5
2012,2,6,6
2012,2,7,7
2012,2,8,8
2012,2,9,9
2012,2,10,10
2012,2,11,11
2012,2,12,12
2012,2,13,13
2012,2,14,14
2012,2,15,15
2012,2,16,16
2012,2,17,17
2012,2,18,18
2012,2,19,19
2012,2,20,20
2012,2,21,21
2012,2,22,22
2012,2,23,23
2012,2,24,24
2012,2,25,25
2012,2,26,26
2012,2,27,27
2012,2,28,28
2012,2,29,29
2012,3,1,1
2012,3,2,2
2012,3,3,3
2012,3,4,4
2012,3,5,5
2012,3,6,6
2012,3,7,7
2012,3,8,8
2012,3,9,9
2012,3,10,10
2012,3,11,11
2012,3,12,12
2012,3,13,13
2012,3,14,14
2012,3,15,15
2012,3,16,16
2012,3,17,17
2012,3,18,18
2012,3,19,19
2012,3,20,20
2012,3,21,21
2012,3,22,22
2012,3,23,23
2012,3,24,24
2012,3,25,25
2012,3,26,26
2012,3,27,27
2012,3,28,28
2012,3,29,29
2012,3,30,30
2012,3,31,31
2012,4,1,1
2012,4,2,2
2012,4,3,3
2012,4,4,4
2012,4,5,5
2012,4,6,6
2012,4,7,7
2012,4,8,8
2012,4,9,9
2012,4,10,10
2012,4,11,11
2012,4,12,12
2012,4,13,13
2012,4,14,14
2012,4,15,15
2012,4,16,16
2012,4,17,17
2012,4,18,18
2012,4,19,19
2012,4,20,20
2012,4,21,21
2012,4,22,22
2012,4,23,23
2012,4,24,24
2012,4,25,25
2012,4,26,26
2012,4,27,27
2012,4,28,28
2012,4,29,29
2012,4,30,30
2012,5,1,1
2012,5,2,2
2012,5,3,3
2012,5,4,4
2012,5,5,5
2012,5,6,6
2012,5,7,7
2012,5,8,8
2012,5,9,9
2012,5,10,10
2012,5,11,11
2012,5,12,12
2012,5,13,13
2012,5,14,14
2012,5,15,15
2012,5,16,16
2012,5,17,17
2012,5,18,18
2012,5,19,19
2012,5,20,20
2012,5,21,21
2012,5,22,22
2012,5,23,23
2012,5,24,24
2012,5,25,25
2012,5,26,26
2012,5,27,27
2012,5,28,28
2012,5,29,29
2012,5,30,30
2012,5,31,31
2012,6,1,1
2012,6,2,2
2012,6,3,3
2012,6,4,4
2012,6,5,5
2012,6,6,6
2012,6,7,7
2012,6,8,8
2012,6,9,9
2012,6,10,10
2012,6,11,11
2012,6,12,12
2012,6,13,13
2012,6,14,14
2012,6,15,15
2012,6,16,16
2012,6,17,17
2012,6,18,18
2012,6,19,19
2012,6,20,20
2012,6,21,21
2012,6,22,22
2012,6,23,23
2012,6,24,24
2012,6,25,25
2012,6,26,26
2012,6,27,27
2012,6,28,28
2012,6,29,29
2012,6,30,30
2012,7,1,1
2012,7,2,2
2012,7,3,3
2012,7,4,4
2012,7,5,5
2012,7,6,6
2012,7,7,7
2012,7,8,8
2012,7,9,9
2012,7,10,10
2012,7,11,11
2012,7,12,12
2012,7,13,13
2012,7,14,14
2012,7,15,15
2012,7,16,16
2012,7,17,17
2012,7,18,18
2012,7,19,19
2012,7,20,20
2012,7,21,21
2012,7,22,22
2012,7,23,23
2012,7,24,24
2012,7,25,25
2012,7,26,26
2012,7,27,27
2012,7,28,28
2012,7,29,29
2012,7,30,30
2012,7,31,31
2012,8,1,1
2012,8,2,2
2012,8,3,3
2012,8,4,4
2012,8,5,5
2012,8,6,6
2012,8,7,7
2012,8,8,8
2012,8,9,9
2012,8,10,10
2012,8,11,11
2012,8,12,12
2012,8,13,13
2012,8,14,14
2012,8,15,15
2012,8,16,16
2012,8,17,17
2012,8,18,18
2012,8,19,19
2012,8,20,20
2012,8,21,21
2012,8,22,22
2012,8,23,23
2012,8,24,24
2012,8,25,25
2012,8,26,26
2012,8,27,27
2012,8,28,28
2012,8,29,29
2012,8,30,30
2012,8,31,31
2012,9,1,1
2012,9,2,2
2012,9,3,3
2012,9,4,4
2012,9,5,5
2012,9,6,6
2012,9,7,7
2012,9,8,8
2012,9,9,9
2012,9,10,10
2012,9,11,11
2012,9,12,12
2012,9,13,13
2012,9,14,14
2012,9,15,15
2012,9,16,16
2012,9,17,17
2012,9,18,18
2012,9,19,19
2012,9,20,20
2012,9,21,21
2012,9,22,22
2012,9,23,23
2012,9,24,24
2012,9,25,25
2012,9,26,26
2012,9,27,27
2012,9,28,28
2012,9,29,29
2012,9,30,30
2012,10,1,1
2012,10,2,2
2012,10,3,3
2012,10,4,4
2012,10,5,5
2012,10,6,6
2012,10,7,7
2012,10,8,8
2012,10,9,9
2012,10,10,10
2012,10,11,11
2012,10,12,12
2012,10,13,13
2012,10,14,14
2012,10,15,15
2012,10,16,16
2012,10,17,17
2012,10,18,18
2012,10,19,19
2012,10,20,20
2012,10,21,21
2012,10,22,22
2012,10,23,23
2012,10,24,24
2012,10,25,25
2012,10,26,26
2012,10,27,27
2012,10,28,28
2012,10,29,29
2012,10,30,30
2012,10,31,31
2012,11,1,1
2012,11,2,2
2012,11,3,3
2012,11,4,4
2012,11,5,5
2012,11,6,6
2012,11,7,7
2012,11,8,8
2012,11,9,9
2012,11,10,10
2012,11,11,11
2012,11,12,12
2012,11,13,13
2012,11,14,14
2012,11,15,15
2012,11,16,16
2012,11,17,17
2012,11,18,18
2012,11,19,19
2012,11,20,20
2012,11,21,21
2012,11,22,22
2012,11,23,23
2012,11,24,24
2012,11,25,25
2012,11,26,26
2012,11,27,27
2012,11,28,28
2012,11,29,29
2012,11,30,30
2012,12,1,1
2012,12,2,2
2012,12,3,3
2012,12,4,4
2012,12,5,5
2012,12,6,6
2012,12,7,7
2012,12,8,8
2012,12,9,9
2012,12,10,10
2012,12,11,11
2012,12,12,12
2012,12,13,13
2012,12,14,14
2012,12,15,15
2012,12,16,16
2012,12,17,17
2012,12,18,18
2012,12,19,19
2012,12,20,20
2012,12,21,21
2012,12,22,22
2012,12,23,23
2012,12,24,24
2012,12,25,25
2012,12,26,26
2012,12,27,27
2012,12,28,28
2012,12,29,29
2012,12,30,30
2012,12,31,31
2013,1,1,1
2013,1,2,2
2013,1,3,3
2013,1,4,4
2013,1,5,5
2013,1,6,6
2013,1,7,7
2013,1,8,8
2013,1,9,9
2013,1,10,10
2013,1,11,11
2013,1,12,12
2013,1,13,13
2013,1,14,14
2013,1,15,15
2013,1,16,16
2013,1,17,17
2013,1,18,18
2013,1,19,19
2013,1,20,20
2013,1,21,21
2013,1,22,22
2013,1,23,23
2013,1,24,24
2013,1,25,25
2013,1,26,26
2013,1,27,27
2013,1,28,28
2013,1,29,29
2013,1,30,30
2013,1,31,31
2013,2,1,1
2013,2,2,2
2013,2,3,3
2013,2,4,4
2013,2,5,5
2013,2,6,6
2013,2,7,7
2013,2,8,8
2013,2,9,9
2013,2,10,10
2013,2,11,11
2013,2,12,12
2013,2,13,13
2013,2,14,14
2013,2,15,15
2013,2,16,16
2013,2,17,17
2013,2,18,18
2013,2,19,19
2013,2,20,20
2013,2,21,21
2013,2,22,22
2013,2,23,23
2013,2,24,24
2013,2,25,25
2013,2,26,26
2013,2,27,27
2013,2,28,28
2013,3,1,1
2013,3,2,2
2013,3,3,3
2013,3,4,4
2013,3,5,5
2013,3,6,6
2013,3,7,7
2013,3,8,8
2013,3,9,9
2013,3,10,10
2013,3,11,11
2013,3,12,12
2013,3,13,13
2013,3,14,14
2013,3,15,15
2013,3,16,16
2013,3,17,17
2013,3,18,18
2013,3,19,19
2013,3,20,20
2013,3,21,21
2013,3,22,22
2013,3,23,23
2013,3,24,24
2013,3,25,25
2013,3,26,26
2013,3,27,27
2013,3,28,28
2013,3,29,29
2013,3,30,30
2013,3,31,31
2013,4,1,1
2013,4,2,2
2013,4,3,3
2013,4,4,4
2013,4,5,5
2013,4,6,6
2013,4,7,7
2013,4,8,8
2013,4,9,9
2013,4,10,10
2013,4,11,11
2013,4,12,12
2013,4,13,13
2013,4,14,14
2013,4,15,15
2013,4,16,16
2013,4,17,17
2013,4,18,18
2013,4,19,19
2013,4,20,20
2013,4,21,21
2013,4,22,22
2013,4,23,23
2013,4,24,24
2013,4,25,25
2013,4,26,26
2013,4,27,27
2013,4,28,28
2013,4,29,29
2013,4,30,30
2013,5,1,1
2013,5,2,2
2013,5,3,3
2013,5,4,4
2013,5,5,5
2013,5,6,6
2013,5,7,7
2013,5,8,8
2013,5,9,9
2013,5,10,10
2013,5,11,11
2013,5,12,12
2013,5,13,13
2013,5,14,14
2013,5,15,15
2013,5,16,16
2013,5,17,17
2013,5,18,18
2013,5,19,19
2013,5,20,20
2013,5,21,21
2013,5,22,22
2013,5,23,23
2013,5,24,24
2013,5,25,25
2013,5,26,26
2013,5,27,27
2013,5,28,28
2013,5,29,29
2013,5,30,30
2013,5,31,31
2013,6,1,1
2013,6,2,2
2013,6,3,3
2013,6,4,4
2013,6,5,5
2013,6,6,6
2013,6,7,7
2013,6,8,8
2013,6,9,9
2013,6,10,10
2013,6,11,11
2013,6,12,12
2013,6,13,13
2013,6,14,14
2013,6,15,15
2013,6,16,16
2013,6,17,17
2013,6,18,18
2013,6,19,19
2013,6,20,20
2013,6,21,21
2013,6,22,22
2013,6,23,23
2013,6,24,24
2013,6,25,25
2013,6,26,26
2013,6,27,27
2013,6,28,28
2013,6,29,29
2013,6,30,30
2013,7,1,1
2013,7,2,2
2013,7,3,3
2013,7,4,4
2013,7,5,5
2013,7,6,6
2013,7,7,7
2013,7,8,8
2013,7,9,9
2013,7,10,10
2013,7,11,11
2013,7,12,12
2013,7,13,13
2013,7,14,14
2013,7,15,15
2013,7,16,16
2013,7,17,17
2013,7,18,18
2013,7,19,19
2013,7,20,20
2013,7,21,21
2013,7,22,22
2013,7,23,23
2013,7,24,24
2013,7,25,25
2013,7,26,26
2013,7,27,27
2013,7,28,28
2013,7,29,29
2013,7,30,30
2013,7,31,31
2013,8,1,1
2013,8,2,2
2013,8,3,3
2013,8,4,4
2013,8,5,5
2013,8,6,6
2013,8,7,7
2013,8,8,8
2013,8,9,9
2013,8,10,10
2013,8,11,11
2013,8,12,12
2013,8,13,13
2013,8,14,14
2013,8,15,15
2013,8,16,16
2013,8,17,17
2013,8,18,18
2013,8,19,19
2013,8,20,20
2013,8,21,21
2013,8,22,22
2013,8,23,23
2013,8,24,24
2013,8,25,25
2013,8,26,26
2013,8,27,27
2013,8,28,28
2013,8,29,29
2013,8,30,30
2013,8,31,31
2013,9,1,1
2013,9,2,2
2013,9,3,3
2013,9,4,4
2013,9,5,5
2013,9,6,6
2013,9,7,7
2013,9,8,8
2013,9,9,9
2013,9,10,10
2013,9,11,11
2013,9,12,12
2013,9,13,13
2013,9,14,14
2013,9,15,15
2013,9,16,16
2013,9,17,17
2013,9,18,18
2013,9,19,19
2013,9,20,20
2013,9,21,21
2013,9,22,22
2013,9,23,23
2013,9,24,24
2013,9,25,25
2013,9,26,26
2013,9,27,27
2013,9,28,28
2013,9,29,29
2013,9,30,30
2013,10,1,1
2013,10,2,2
2013,10,3,3
2013,10,4,4
2013,10,5,5
2013,10,6,6
2013,10,7,7
2013,10,8,8
2013,10,9,9
2013,10,10,10
2013,10,11,11
2013,10,12,12
2013,10,13,13
2013,10,14,14
2013,10,15,15
2013,10,16,16
2013,10,17,17
2013,10,18,18
2013,10,19,19
2013,10,20,20
2013,10,21,21
2013,10,22,22
2013,10,23,23
2013,10,24,24
2013,10,25,25
2013,10,26,26
2013,10,27,27
2013,10,28,28
2013,10,29,29
2013,10,30,30
2013,10,31,31
2013,11,1,1
2013,11,2,2
2013,11,3,3
2013,11,4,4
2013,11,5,5
2013,11,6,6
2013,11,7,7
2013,11,8,8
2013,11,9,9
2013,11,10,10
2013,11,11,11
2013,11,12,12
2013,11,13,13
2013,11,14,14
2013,11,15,15
2013,11,16,16
2013,11,17,17
2013,11,18,18
2013,11,19,19
2013,11,20,20
2013,11,21,21
2013,11,22,22
2013,11,23,23
2013,11,24,24
2013,11,25,25
2013,11,26,26
2013,11,27,27
2013,11,28,28
2013,11,29,29
2013,11,30,30
2013,12,1,1
2013,12,2,2
2013,12,3,3
2013,12,4,4
2013,12,5,5
2013,12,6,6
2013,12,7,7
2013,12,8,8
2013,12,9,9
2013,12,10,10
2013,12,11,11
2013,12,12,12
2013,12,13,13
2013,12,14,14
2013,12,15,15
2013,12,16,16
2013,12,17,17
2013,12,18,18
2013,12,19,19
2013,12,20,20
2013,12,21,21
2013,12,22,22
2013,12,23,23
2013,12,24,24
2013,12,25,25
2013,12,26,26
2013,12,27,27
2013,12,28,28
2013,12,29,29
2013,12,30,30
2013,12,31,31
2014,1,1,1
2014,1,2,2
2014,1,3,3
2014,1,4,4
2014,1,5,5
2014,1,6,6
2014,1,7,7
2014,1,8,8
2014,1,9,9
2014,1,10,10
2014,1,11,11
2014,1,12,12
2014,1,13,13
2014,1,14,14
2014,1,15,15
2014,1,16,16
2014,1,17,17
2014,1,18,18
2014,1,19,19
2014,1,20,20
2014,1,21,21
2014,1,22,22
2014,1,23,23
2014,1,24,24
2014,1,25,25
2014,1,26,26
2014,1,27,27
2014,1,28,28
2014,1,29,29
2014,1,30,30
2014,1,31,31
2014,2,1,1
2014,2,2,2
2014,2,3,3
2014,2,4,4
2014,2,5,5
2014,2,6,6
2014,2,7,7
2014,2,8,8
2014,2,9,9
2014,2,10,10
2014,2,11,11
2014,2,12,12
2014,2,13,13
2014,2,14,14
2014,2,15,15
2014,2,16,16
2014,2,17,17
2014,2,18,18
2014,2,19,19
2014,2,20,20
2014,2,21,21
2014,2,22,22
2014,2,23,23
2014,2,24,24
2014,2,25,25
2014,2,26,26
2014,2,27,27
2014,2,28,28
2014,3,1,1
2014,3,2,2
2014,3,3,3
2014,3,4,4
2014,3,5,5
2014,3,6,6
2014,3,7,7
2014,3,8,8
2014,3,9,9
2014,3,10,10
2014,3,11,11
2014,3,12,12
2014,3,13,13
2014,3,14,14
2014,3,15,15
2014,3,16,16
2014,3,17,17
2014,3,18,18
2014,3,19,19
2014,3,20,20
2014,3,21,21
2014,3,22,22
2014,3,23,23
2014,3,24,24
2014,3,25,25
2014,3,26,26
2014,3,27,27
2014,3,28,28
2014,3,29,29
2014,3,30,30
2014,3,31,31
2014,4,1,1
2014,4,2,2
2014,4,3,3
2014,4,4,4
2014,4,5,5
2014,4,6,6
2014,4,7,7
2014,4,8,8
2014,4,9,9
2014,4,10,10
2014,4,11,11
2014,4,12,12
2014,4,13,13
2014,4,14,14
2014,4,15,15
2014,4,16,16
2014,4,17,17
2014,4,18,18
2014,4,19,19
2014,4,20,20
2014,4,21,21
2014,4,22,22
2014,4,23,23
2014,4,24,24
2014,4,25,25
2014,4,26,26
2014,4,27,27
2014,4,28,28
2014,4,29,29
2014,4,30,30
2014,5,1,1
2014,5,2,2
2014,5,3,3
2014,5,4,4
2014,5,5,5
2014,5,6,6
2014,5,7,7
2014,5,8,8
2014,5,9,9
2014,5,10,10
2014,5,11,11
2014,5,12,12
2014,5,13,13
2014,5,14,14
2014,5,15,15
2014,5,16,16
2014,5,17,17
2014,5,18,18
2014,5,19,19
2014,5,20,20
2014,5,21,21
2014,5,22,22
2014,5,23,23
2014,5,24,24
2014,5,25,25
2014,5,26,26
2014,5,27,27
2014,5,28,28
2014,5,29,29
2014,5,30,30
2014,5,31,31
2014,6,1,1
2014,6,2,2
2014,6,3,3
2014,6,4,4
2014,6,5,5
2014,6,6,6
2014,6,7,7
2014,6,8,8
2014,6,9,9
2014,6,10,10
2014,6,11,11
2014,6,12,12
2014,6,13,13
2014,6,14,14
2014,6,15,15
2014,6,16,16
2014,6,17,17
2014,6,18,18
2014,6,19,19
2014,6,20,20
2014,6,21,21
2014,6,22,22
2014,6,23,23
2014,6,24,24
2014,6,25,25
2014,6,26,26
2014,6,27,27
2014,6,28,28
2014,6,29,29
2014,6,30,30
2014,7,1,1
2014,7,2,2
2014,7,3,3
2014,7,4,4
2014,7,5,5
2014,7,6,6
2014,7,7,7
2014,7,8,8
2014,7,9,9
2014,7,10,10
2014,7,11,11
2014,7,12,12
2014,7,13,13
2014,7,14,14
2014,7,15,15
2014,7,16,16
2014,7,17,17
2014,7,18,18
2014,7,19,19
2014,7,20,20
2014,7,21,21
2014,7,22,22
2014,7,23,23
2014,7,24,24
2014,7,25,25
2014,7,26,26
2014,7,27,27
2014,7,28,28
2014,7,29,29
2014,7,30,30
2014,7,31,31
2014,8,1,1
2014,8,2,2
2014,8,3,3
2014,8,4,4
2014,8,5,5
2014,8,6,6
2014,8,7,7
2014,8,8,8
2014,8,9,9
2014,8,10,10
2014,8,11,11
2014,8,12,12
2014,8,13,13
2014,8,14,14
2014,8,15,15
2014,8,16,16
2014,8,17,17
2014,8,18,18
2014,8,19,19
2014,8,20,20
2014,8,21,21
2014,8,22,22
2014,8,23,23
2014,8,24,24
2014,8,25,25
2014,8,26,26
2014,8,27,27
2014,8,28,28
2014,8,29,29
2014,8,30,30
2014,8,31,31
2014,9,1,1
2014,9,2,2
2014,9,3,3
2014,9,4,4
2014,9,5,5
2014,9,6,6
2014,9,7,7
2014,9,8,8
2014,9,9,9
2014,9,10,10
2014,9,11,11
2014,9,12,12
2014,9,13,13
2014,9,14,14
2014,9,15,15
2014,9,16,16
2014,9,17,17
2014,9,18,18
2014,9,19,19
2014,9,20,20
2014,9,21,21
2014,9,22,22
2014,9,23,23
2014,9,24,24
2014,9,25,25
2014,9,26,26
2014,9,27,27
2014,9,28,28
2014,9,29,29
2014,9,30,30
2014,10,1,1
2014,10,2,2
2014,10,3,3
2014,10,4,4
2014,10,5,5
2014,10,6,6
2014,10,7,7
2014,10,8,8
2014,10,9,9
2014,10,10,10
2014,10,11,11
2014,10,12,12
2014,10,13,13
2014,10,14,14
2014,10,15,15
2014,10,16,16
2014,10,17,17
2014,10,18,18
2014,10,19,19
2014,10,20,20
2014,10,21,21
2014,10,22,22
2014,10,23,23
2014,10,24,24
2014,10,25,25
2014,10,26,26
2014,10,27,27
2014,10,28,28
2014,10,29,29
2014,10,30,30
2014,10,31,31
2014,11,1,1
2014,11,2,2
2014,11,3,3
2014,11,4,4
2014,11,5,5
2014,11,6,6
2014,11,7,7
2014,11,8,8
2014,11,9,9
2014,11,10,10
2014,11,11,11
2014,11,12,12
2014,11,13,13
2014,11,14,14
2014,11,15,15
2014,11,16,16
2014,11,17,17
2014,11,18,18
2014,11,19,19
2014,11,20,20
2014,11,21,21
2014,11,22,22
2014,11,23,23
2014,11,24,24
2014,11,25,25
2014,11,26,26
2014,11,27,27
2014,11,28,28
2014,11,29,29
2014,11,30,30
2014,12,1,1
2014,12,2,2
2014,12,3,3
2014,12,4,4
2014,12,5,5
2014,12,6,6
2014,12,7,7
2014,12,8,8
2014,12,9,9
2014,12,10,10
2014,12,11,11
2014,12,12,12
2014,12,13,13
2014,12,14,14
2014,12,15,15
2014,12,16,16
2014,12,17,17
2014,12,18,18
2014,12,19,19
2014,12,20,20
2014,12,21,21
2014,12,22,22
2014,12,23,23
2014,12,24,24
2014,12,25,25
2014,12,26,26
2014,12,27,27
2014,12,28,28
2014,12,29,29
2014,12,30,30
2014,12,31,31
2015,1,1,1
2015,1,2,2
2015,1,3,3
2015,1,4,4
2015,1,5,5
2015,1,6,6
2015,1,7,7
2015,1,8,8
2015,1,9,9
2015,1,10,10
2015,1,11,11
2015,1,12,12
2015,1,13,13
2015,1,14,14
2015,1,15,15
2015,1,16,16
2015,1,17,17
2015,1,18,18
2015,1,19,19
2015,1,20,20
2015,1,21,21
2015,1,22,22
2015,1,23,23
2015,1,24,24
2015,1,25,25
2015,1,26,26
2015,1,27,27
2015,1,28,28
2015,1,29,29
2015,1,30,30
2015,1,31,31
2015,2,1,1
2015,2,2,2
2015,2,3,3
2015,2,4,4
2015,2,5,5
2015,2,6,6
2015,2,7,7
2015,2,8,8
2015,2,9,9
2015,2,10,10
2015,2,11,11
2015,2,12,12
2015,2,13,13
2015,2,14,14
2015,2,15,15
2015,2,16,16
2015,2,17,17
2015,2,18,18
2015,2,19,19
2015,2,20,20
2015,2,21,21
2015,2,22,22
2015,2,23,23
2015,2,24,24
2015,2,25,25
2015,2,26,26
2015,2,27,27
2015,2,28,28
2015,3,1,1
2015,3,2,2
2015,3,3,3
2015,3,4,4
2015,3,5,5
2015,3,6,6
2015,3,7,7
2015,3,8,8
2015,3,9,9
2015,3,10,10
2015,3,11,11
2015,3,12,12
2015,3,13,13
2015,3,14,14
2015,3,15,15
2015,3,16,16
2015,3,17,17
2015,3,18,18
2015,3,19,19
2015,3,20,20
2015,3,21,21
2015,3,22,22
2015,3,23,23
2015,3,24,24
2015,3,25,25
2015,3,26,26
2015,3,27,27
2015,3,28,28
2015,3,29,29
2015,3,30,30
2015,3,31,31
2015,4,1,1
2015,4,2,2
2015,4,3,3
2015,4,4,4
2015,4,5,5
2015,4,6,6
2015,4,7,7
2015,4,8,8
2015,4,9,9
2015,4,10,10
2015,4,11,11
2015,4,12,12
2015,4,13,13
2015,4,14,14
2015,4,15,15
2015,4,16,16
2015,4,17,17
2015,4,18,18
2015,4,19,19
2015,4,20,20
2015,4,21,21
2015,4,22,22
2015,4,23,23
2015,4,24,24
2015,4,25,25
2015,4,26,26
2015,4,27,27
2015,4,28,28
2015,4,29,29
2015,4,30,30
2015,5,1,1
2015,5,2,2
2015,5,3,3
2015,5,4,4
2015,5,5,5
2015,5,6,6
2015,5,7,7
2015,5,8,8
2015,5,9,9
2015,5,10,10
2015,5,11,11
2015,5,12,12
2015,5,13,13
2015,5,14,14
2015,5,15,15
2015,5,16,16
2015,5,17,17
2015,5,18,18
2015,5,19,19
2015,5,20,20
2015,5,21,21
2015,5,22,22
2015,5,23,23
2015,5,24,24
2015,5,25,25
2015,5,26,26
2015,5,27,27
2015,5,28,28
2015,5,29,29
2015,5,30,30
2015,5,31,31
2015,6,1,1
2015,6,2,2
2015,6,3,3
2015,6,4,4
2015,6,5,5
2015,6,6,6
2015,6,7,7
2015,6,8,8
2015,6,9,9
2015,6,10,10
2015,6,11,11
2015,6,12,12
2015,6,13,13
2015,6,14,14
2015,6,15,15
2015,6,16,16
2015,6,17,17
2015,6,18,18
2015,6,19,19
2015,6,20,20
2015,6,21,21
2015,6,22,22
2015,6,23,23
2015,6,24,24
2015,6,25,25
2015,6,26,26
2015,6,27,27
2015,6,28,28
2015,6,29,29
2015,6,30,30
2015,7,1,1
2015,7,2,2
2015,7,3,3
2015,7,4,4
2015,7,5,5
2015,7,6,6
2015,7,7,7
2015,7,8,8
2015,7,9,9
2015,7,10,10
2015,7,11,11
2015,7,12,12
2015,7,13,13
2015,7,14,14
2015,7,15,15
2015,7,16,16
2015,7,17,17
2015,7,18,18
2015,7,19,19
2015,7,20,20
2015,7,21,21
2015,7,22,22
2015,7,23,23
2015,7,24,24
2015,7,25,25
2015,7,26,26
2015,7,27,27
2015,7,28,28
2015,7,29,29
2015,7,30,30
2015,7,31,31
2015,8,1,1
2015,8,2,2
2015,8,3,3
2015,8,4,4
2015,8,5,5
2015,8,6,6
2015,8,7,7
2015,8,8,8
2015,8,9,9
2015,8,10,10
2015,8,11,11
2015,8,12,12
2015,8,13,13
2015,8,14,14
2015,8,15,15
2015,8,16,16
2015,8,17,17
2015,8,18,18
2015,8,19,19
2015,8,20,20
2015,8,21,21
2015,8,22,22
2015,8,23,23
2015,8,24,24
2015,8,25,25
2015,8,26,26
2015,8,27,27
2015,8,28,28
2015,8,29,29
2015,8,30,30
2015,8,31,31
2015,9,1,1
2015,9,2,2
2015,9,3,3
2015,9,4,4
2015,9,5,5
2015,9,6,6
2015,9,7,7
2015,9,8,8
2015,9,9,9
2015,9,10,10
2015,9,11,11
2015,9,12,12
2015,9,13,13
2015,9,14,14
2015,9,15,15
2015,9,16,16
2015,9,17,17
2015,9,18,18
2015,9,19,19
2015,9,20,20
2015,9,21,21
2015,9,22,22
2015,9,23,23
2015,9,24,24
2015,9,25,25
2015,9,26,26
2015,9,27,27
2015,9,28,28
2015,9,29,29
2015,9,30,30
2015,10,1,1
2015,10,2,2
2015,10,3,3
2015,10,4,4
2015,10,5,5
2015,10,6,6
2015,10,7,7
2015,10,8,8
2015,10,9,9
2015,10,10,10
2015,10,11,11
2015,10,12,12
2015,10,13,13
2015,10,14,14
2015,10,15,15
2015,10,16,16
2015,10,17,17
2015,10,18,18
2015,10,19,19
2015,10,20,20
2015,10,21,21
2015,10,22,22
2015,10,23,23
2015,10,24,24
2015,10,25,25
2015,10,26,26
2015,10,27,27
2015,10,28,28
2015,10,29,29
2015,10,30,30
2015,10,31,31
2015,11,1,1
2015,11,2,2
2015,11,3,3
2015,11,4,4
2015,11,5,5
2015,11,6,6
2015,11,7,7
2015,11,8,8
2015,11,9,9
2015,11,10,10
2015,11,11,11
2015,11,12,12
2015,11,13,13
2015,11,14,14
2015,11,15,15
2015,11,16,16
2015,11,17,17
2015,11,18,18
2015,11,19,19
2015,11,20,20
2015,11,21,21
2015,11,22,22
2015,11,23,23
2015,11,24,24
2015,11,25,25
2015,11,26,26
2015,11,27,27
2015,11,28,28
2015,11,29,29
2015,11,30,30
2015,12,1,1
2015,12,2,2
2015,12,3,3
2015,12,4,4
2015,12,5,5
2015,12,6,6
2015,12,7,7
2015,12,8,8
2015,12,9,9
2015,12,10,10
2015,12,11,11
2015,12,12,12
2015,12,13,13
2015,12,14,14
2015,12,15,15
2015,12,16,16
2015,12,17,17
2015,12,18,18
2015,12,19,19
2015,12,20,20
2015,12,21,21
2015,12,22,22
2015,12,23,23
2015,12,24,24
2015,12,25,25
2015,12,26,26
2015,12,27,27
2015,12,28,28
2015,12,29,29
2015,12,30,30
2015,12,31,31
2016,1,1,1
2016,1,2,2
2016,1,3,3
2016,1,4,4
2016,1,5,5
2016,1,6,6
2016,1,7,7
2016,1,8,8
2016,1,9,9
2016,1,10,10
2016,1,11,11
2016,1,12,12
2016,1,13,13
2016,1,14,14
2016,1,15,15
2016,1,16,16
2016,1,17,17
2016,1,18,18
2016,1,19,19
2016,1,20,20
2016,1,21,21
2016,1,22,22
2016,1,23,23
2016,1,24,24
2016,1,25,25
2016,1,26,26
2016,1,27,27
2016,1,28,28
2016,1,29,29
2016,1,30,30
2016,1,31,31
2016,2,1,1
2016,2,2,2
2016,2,3,3
2016,2,4,4
2016,2,5,5
2016,2,6,6
2016,2,7,7
2016,2,8,8
2016,2,9,9
2016,2,10,10
2016,2,11,11
2016,2,12,12
2016,2,13,13
2016,2,14,14
2016,2,15,15
2016,2,16,16
2016,2,17,17
2016,2,18,18
2016,2,19,19
2016,2,20,20
2016,2,21,21
2016,2,22,22
2016,2,23,23
2016,2,24,24
2016,2,25,25
2016,2,26,26
2016,2,27,27
2016,2,28,28
2016,2,29,29
2016,3,1,1
2016,3,2,2
2016,3,3,3
2016,3,4,4
2016,3,5,5
2016,3,6,6
2016,3,7,7
2016,3,8,8
2016,3,9,9
2016,3,10,10
2016,3,11,11
2016,3,12,12
2016,3,13,13
2016,3,14,14
2016,3,15,15
2016,3,16,16
2016,3,17,17
2016,3,18,18
2016,3,19,19
2016,3,20,20
2016,3,21,21
2016,3,22,22
2016,3,23,23
2016,3,24,24
2016,3,25,25
2016,3,26,26
2016,3,27,27
2016,3,28,28
2016,3,29,29
2016,3,30,30
2016,3,31,31
2016,4,1,1
2016,4,2,2
2016,4,3,3
2016,4,4,4
2016,4,5,5
2016,4,6,6
2016,4,7,7
2016,4,8,8
2016,4,9,9
2016,4,10,10
2016,4,11,11
2016,4,12,12
2016,4,13,13
2016,4,14,14
2016,4,15,15
2016,4,16,16
2016,4,17,17
2016,4,18,18
2016,4,19,19
2016,4,20,20
2016,4,21,21
2016,4,22,22
2016,4,23,23
2016,4,24,24
2016,4,25,25
2016,4,26,26
2016,4,27,27
2016,4,28,28
2016,4,29,29
2016,4,30,30
2016,5,1,1
2016,5,2,2
2016,5,3,3
2016,5,4,4
2016,5,5,5
2016,5,6,6
2016,5,7,7
2016,5,8,8
2016,5,9,9
2016,5,10,10
2016,5,11,11
2016,5,12,12
2016,5,13,13
2016,5,14,14
2016,5,15,15
2016,5,16,16
2016,5,17,17
2016,5,18,18
2016,5,19,19
2016,5,20,20
2016,5,21,21
2016,5,22,22
2016,5,23,23
2016,5,24,24
2016,5,25,25
2016,5,26,26
2016,5,27,27
2016,5,28,28
2016,5,29,29
2016,5,30,30
2016,5,31,31
2016,6,1,1
2016,6,2,2
2016,6,3,3
2016,6,4,4
2016,6,5,5
2016,6,6,6
2016,6,7,7
2016,6,8,8
2016,6,9,9
2016,6,10,10
2016,6,11,11
2016,6,12,12
2016,6,13,13
2016,6,14,14
2016,6,15,15
2016,6,16,16
2016,6,17,17
2016,6,18,18
2016,6,19,19
2016,6,20,20
2016,6,21,21
2016,6,22,22
2016,6,23,23
2016,6,24,24
2016,6,25,25
2016,6,26,26
2016,6,27,27
2016,6,28,28
2016,6,29,29
2016,6,30,30
2016,7,1,1
2016,7,2,2
2016,7,3,3
2016,7,4,4
2016,7,5,5
2016,7,6,6
2016,7,7,7
2016,7,8,8
2016,7,9,9
2016,7,10,10
2016,7,11,11
2016,7,12,12
2016,7,13,13
2016,7,14,14
2016,7,15,15
2016,7,16,16
2016,7,17,17
2016,7,18,18
2016,7,19,19
2016,7,20,20
2016,7,21,21
2016,7,22,22
2016,7,23,23
2016,7,24,24
2016,7,25,25
2016,7,26,26
2016,7,27,27
2016,7,28,28
2016,7,29,29
2016,7,30,30
2016,7,31,31
2016,8,1,1
2016,8,2,2
2016,8,3,3
2016,8,4,4
2016,8,5,5
2016,8,6,6
2016,8,7,7
2016,8,8,8
2016,8,9,9
2016,8,10,10
2016,8,11,11
2016,8,12,12
2016,8,13,13
2016,8,14,14
2016,8,15,15
2016,8,16,16
2016,8,17,17
2016,8,18,18
2016,8,19,19
2016,8,20,20
2016,8,21,21
2016,8,22,22
2016,8,23,23
2016,8,24,24
2016,8,25,25
2016,8,26,26
2016,8,27,27
2016,8,28,28
2016,8,29,29
2016,8,30,30
2016,8,31,31
2016,9,1,1
2016,9,2,2
2016,9,3,3
2016,9,4,4
2016,9,5,5
2016,9,6,6
2016,9,7,7
2016,9,8,8
2016,9,9,9
2016,9,10,10
2016,9,11,11
2016,9,12,12
2016,9,13,13
2016,9,14,14
2016,9,15,15
2016,9,16,16
2016,9,17,17
2016,9,18,18
2016,9,19,19
2016,9,20,20
2016,9,21,21
2016,9,22,22
2016,9,23,23
2016,9,24,24
2016,9,25,25
2016,9,26,26
2016,9,27,27
2016,9,28,28
2016,9,29,29
2016,9,30,30
2016,10,1,1
2016,10,2,2
2016,10,3,3
2016,10,4,4
2016,10,5,5
2016,10,6,6
2016,10,7,7
2016,10,8,8
2016,10,9,9
2016,10,10,10
2016,10,11,11
2016,10,12,12
2016,10,13,13
2016,10,14,14
2016,10,15,15
2016,10,16,16
2016,10,17,17
2016,10,18,18
2016,10,19,19
2016,10,20,20
2016,10,21,21
2016,10,22,22
2016,10,23,23
2016,10,24,24
2016,10,25,25
2016,10,26,26
2016,10,27,27
2016,10,28,28
2016,10,29,29
2016,10,30,30
2016,10,31,31
2016,11,1,1
2016,11,2,2
2016,11,3,3
2016,11,4,4
2016,11,5,5
2016,11,6,6
2016,11,7,7
2016,11,8,8
2016,11,9,9
2016,11,10,10
2016,11,11,11
2016,11,12,12
2016,11,13,13
2016,11,14,14
2016,11,15,15
2016,11,16,16
2016,11,17,17
2016,11,18,18
2016,11,19,19
2016,11,20,20
2016,11,21,21
2016,11,22,22
2016,11,23,23
2016,11,24,24
2016,11,25,25
2016,11,26,26
2016,11,27,27
2016,11,28,28
2016,11,29,29
2016,11,30,30
2016,12,1,1
2016,12,2,2
2016,12,3,3
2016,12,4,4
2016,12,5,5
2016,12,6,6
2016,12,7,7
2016,12,8,8
2016,12,9,9
2016,12,10,10
2016,12,11,11
2016,12,12,12
2016,12,13,13
2016,12,14,14
2016,12,15,15
2016,12,16,16
2016,12,17,17
2016,12,18,18
2016,12,19,19
2016,12,20,20
2016,12,21,21
2016,12,22,22
2016,12,23,23
2016,12,24,24
2016,12,25,25
2016,12,26,26
2016,12,27,27
2016,12,28,28
2016,12,29,29
2016,12,30,30
2016,12,31,31
2017,1,1,1
2017,1,2,2
2017,1,3,3
2017,1,4,4
2017,1,5,5
2017,1,6,6
2017,1,7,7
2017,1,8,8
2017,1,9,9
2017,1,10,10
2017,1,11,11
2017,1,12,12
2017,1,13,13
2017,1,14,14
2017,1,15,15
2017,1,16,16
2017,1,17,17
2017,1,18,18
2017,1,19,19
2017,1,20,20
2017,1,21,21
2017,1,22,22
2017,1,23,23
2017,1,24,24
2017,1,25,25
2017,1,26,26
2017,1,27,27
2017,1,28,28
2017,1,29,29
2017,1,30,30
2017,1,31,31
2017,2,1,1
2017,2,2,2
2017,2,3,3
2017,2,4,4
2017,2,5,5
2017,2,6,6
2017,2,7,7
2017,2,8,8
2017,2,9,9
2017,2,10,10
2017,2,11,11
2017,2,12,12
2017,2,13,13
2017,2,14,14
2017,2,15,15
2017,2,16,16
2017,2,17,17
2017,2,18,18
2017,2,19,19
2017,2,20,20
2017,2,21,21
2017,2,22,22
2017,2,23,23
2017,2,24,24
2017,2,25,25
2017,2,26,26
2017,2,27,27
2017,2,28,28
2017,3,1,1
2017,3,2,2
2017,3,3,3
2017,3,4,4
2017,3,5,5
2017,3,6,6
2017,3,7,7
2017,3,8,8
2017,3,9,9
2017,3,10,10
2017,3,11,11
2017,3,12,12
2017,3,13,13
2017,3,14,14
2017,3,15,15
2017,3,16,16
2017,3,17,17
2017,3,18,18
2017,3,19,19
2017,3,20,20
2017,3,21,21
2017,3,22,22
2017,3,23,23
2017,3,24,24
2017,3,25,25
2017,3,26,26
2017,3,27,27
2017,3,28,28
2017,3,29,29
2017,3,30,30
2017,3,31,31
2017,4,1,1
2017,4,2,2
2017,4,3,3
2017,4,4,4
2017,4,5,5
2017,4,6,6
2017,4,7,7
2017,4,8,8
2017,4,9,9
2017,4,10,10
2017,4,11,11
2017,4,12,12
2017,4,13,13
2017,4,14,14
2017,4,15,15
2017,4,16,16
2017,4,17,17
2017,4,18,18
2017,4,19,19
2017,4,20,20
2017,4,21,21
2017,4,22,22
2017,4,23,23
2017,4,24,24
2017,4,25,25
2017,4,26,26
2017,4,27,27
2017,4,28,28
2017,4,29,29
2017,4,30,30
2017,5,1,1
2017,5,2,2
2017,5,3,3
2017,5,4,4
2017,5,5,5
2017,5,6,6
2017,5,7,7
2017,5,8,8
2017,5,9,9
2017,5,10,10
2017,5,11,11
2017,5,12,12
2017,5,13,13
2017,5,14,14
2017,5,15,15
2017,5,16,16
2017,5,17,17
2017,5,18,18
2017,5,19,19
2017,5,20,20
2017,5,21,21
2017,5,22,22
2017,5,23,23
2017,5,24,24
2017,5,25,25
2017,5,26,26
2017,5,27,27
2017,5,28,28
2017,5,29,29
2017,5,30,30
2017,5,31,31
2017,6,1,1
2017,6,2,2
2017,6,3,3
2017,6,4,4
2017,6,5,5
2017,6,6,6
2017,6,7,7
2017,6,8,8
2017,6,9,9
2017,6,10,10
2017,6,11,11
2017,6,12,12
2017,6,13,13
2017,6,14,14
2017,6,15,15
2017,6,16,16
2017,6,17,17
2017,6,18,18
2017,6,19,19
2017,6,20,20
2017,6,21,21
2017,6,22,22
2017,6,23,23
2017,6,24,24
2017,6,25,25
2017,6,26,26
2017,6,27,27
2017,6,28,28
2017,6,29,29
2017,6,30,30
2017,7,1,1
2017,7,2,2
2017,7,3,3
2017,7,4,4
2017,7,5,5
2017,7,6,6
2017,7,7,7
2017,7,8,8
2017,7,9,9
2017,7,10,10
2017,7,11,11
2017,7,12,12
2017,7,13,13
2017,7,14,14
2017,7,15,15
2017,7,16,16
2017,7,17,17
2017,7,18,18
2017,7,19,19
2017,7,20,20
2017,7,21,21
2017,7,22,22
2017,7,23,23
2017,7,24,24
2017,7,25,25
2017,7,26,26
2017,7,27,27
2017,7,28,28
2017,7,29,29
2017,7,30,30
2017,7,31,31
2017,8,1,1
2017,8,2,2
2017,8,3,3
2017,8,4,4
2017,8,5,5
2017,8,6,6
2017,8,7,7
2017,8,8,8
2017,8,9,9
2017,8,10,10
2017,8,11,11
2017,8,12,12
2017,8,13,13
2017,8,14,14
2017,8,15,15
2017,8,16,16
2017,8,17,17
2017,8,18,18
2017,8,19,19
2017,8,20,20
2017,8,21,21
2017,8,22,22
2017,8,23,23
2017,8,24,24
2017,8,25,25
2017,8,26,26
2017,8,27,27
2017,8,28,28
2017,8,29,29
2017,8,30,30
2017,8,31,31
2017,9,1,1
2017,9,2,2
2017,9,3,3
2017,9,4,4
2017,9,5,5
2017,9,6,6
2017,9,7,7
2017,9,8,8
2017,9,9,9
2017,9,10,10
2017,9,11,11
2017,9,12,12
2017,9,13,13
2017,9,14,14
2017,9,15,15
2017,9,16,16
2017,9,17,17
2017,9,18,18
2017,9,19,19
2017,9,20,20
2017,9,21,21
2017,9,22,22
2017,9,23,23
2017,9,24,24
2017,9,25,25
2017,9,26,26
2017,9,27,27
2017,9,28,28
2017,9,29,29
2017,9,30,30
2017,10,1,1
2017,10,2,2
2017,10,3,3
2017,10,4,4
2017,10,5,5
2017,10,6,6
2017,10,7,7
2017,10,8,8
2017,10,9,9
2017,10,10,10
2017,10,11,11
2017,10,12,12
2017,10,13,13
2017,10,14,14
2017,10,15,15
2017,10,16,16
2017,10,17,17
2017,10,18,18
2017,10,19,19
2017,10,20,20
2017,10,21,21
2017,10,22,22
2017,10,23,23
2017,10,24,24
2017,10,25,25
2017,10,26,26
2017,10,27,27
2017,10,28,28
2017,10,29,29
2017,10,30,30
2017,10,31,31
2017,11,1,1
2017,11,2,2
2017,11,3,3
2017,11,4,4
2017,11,5,5
2017,11,6,6
2017,11,7,7
2017,11,8,8
2017,11,9,9
2017,11,10,10
2017,11,11,11
2017,11,12,12
2017,11,13,13
2017,11,14,14
2017,11,15,15
2017,11,16,16
2017,11,17,17
2017,11,18,18
2017,11,19,19
2017,11,20,20
2017,11,21,21
2017,11,22,22
2017,11,23,23
2017,11,24,24
2017,11,25,25
2017,11,26,26
2017,11,27,27
2017,11,28,28
2017,11,29,29
2017,11,30,30
2017,12,1,1
2017,12,2,2
2017,12,3,3
2017,12,4,4
2017,12,5,5
2017,12,6,6
2017,12,7,7
2017,12,8,8
2017,12,9,9
2017,12,10,10
2017,12,11,11
2017,12,12,12
2017,12,13,13
2017,12,14,14
2017,12,15,15
2017,12,16,16
2017,12,17,17
2017,12,18,18
2017,12,19,19
2017,12,20,20
2017,12,21,21
2017,12,22,22
2017,12,23,23
2017,12,24,24
2017,12,25,25
2017,12,26,26
2017,12,27,27
2017,12,28,28
2017,12,29,29
2017,12,30,30
2017,12,31,31
2018,1,1,1
2018,1,2,2
2018,1,3,3
2018,1,4,4
2018,1,5,5
2018,1,6,6
2018,1,7,7
2018,1,8,8
2018,1,9,9
2018,1,10,10
2018,1,11,11
2018,1,12,12
2018,1,13,13
2018,1,14,14
2018,1,15,15
2018,1,16,16
2018,1,17,17
2018,1,18,18
2018,1,19,19
2018,1,20,20
2018,1,21,21
2018,1,22,22
2018,1,23,23
2018,1,24,24
2018,1,25,25
2018,1,26,26
2018,1,27,27
2018,1,28,28
2018,1,29,29
2018,1,30,30
2018,1,31,31
2018,2,1,1
2018,2,2,2
2018,2,3,3
2018,2,4,4
2018,2,5,5
2018,2,6,6
2018,2,7,7
2018,2,8,8
2018,2,9,9
2018,2,10,10
2018,2,11,11
2018,2,12,12
2018,2,13,13
2018,2,14,14
2018,2,15,15
2018,2,16,16
2018,2,17,17
2018,2,18,18
2018,2,19,19
2018,2,20,20
2018,2,21,21
2018,2,22,22
2018,2,23,23
2018,2,24,24
2018,2,25,25
2018,2,26,26
2018,2,27,27
2018,2,28,28
2018,3,1,1
2018,3,2,2
2018,3,3,3
2018,3,4,4
2018,3,5,5
2018,3,6,6
2018,3,7,7
2018,3,8,8
2018,3,9,9
2018,3,10,10
2018,3,11,11
2018,3,12,12
2018,3,13,13
2018,3,14,14
2018,3,15,15
2018,3,16,16
2018,3,17,17
2018,3,18,18
2018,3,19,19
2018,3,20,20
2018,3,21,21
2018,3,22,22
2018,3,23,23
2018,3,24,24
2018,3,25,25
2018,3,26,26
2018,3,27,27
2018,3,28,28
2018,3,29,29
2018,3,30,30
2018,3,31,31
2018,4,1,1
2018,4,2,2
2018,4,3,3
2018,4,4,4
2018,4,5,5
2018,4,6,6
2018,4,7,7
2018,4,8,8
2018,4,9,9
2018,4,10,10
2018,4,11,11
2018,4,12,12
2018,4,13,13
2018,4,14,14
2018,4,15,15
2018,4,16,16
2018,4,17,17
2018,4,18,18
2018,4,19,19
2018,4,20,20
2018,4,21,21
2018,4,22,22
2018,4,23,23
2018,4,24,24
2018,4,25,25
2018,4,26,26
2018,4,27,27
2018,4,28,28
2018,4,29,29
2018,4,30,30
2018,5,1,1
2018,5,2,2
2018,5,3,3
2018,5,4,4
2018,5,5,5
2018,5,6,6
2018,5,7,7
2018,5,8,8
2018,5,9,9
2018,5,10,10
2018,5,11,11
2018,5,12,12
2018,5,13,13
2018,5,14,14
2018,5,15,15
2018,5,16,16
2018,5,17,17
2018,5,18,18
2018,5,19,19
2018,5,20,20
2018,5,21,21
2018,5,22,22
2018,5,23,23
2018,5,24,24
2018,5,25,25
2018,5,26,26
2018,5,27,27
2018,5,28,28
2018,5,29,29
2018,5,30,30
2018,5,31,31
2018,6,1,1
2018,6,2,2
2018,6,3,3
2018,6,4,4
2018,6,5,5
2018,6,6,6
2018,6,7,7
2018,6,8,8
2018,6,9,9
2018,6,10,10
2018,6,11,11
2018,6,12,12
2018,6,13,13
2018,6,14,14
2018,6,15,15
2018,6,16,16
2018,6,17,17
2018,6,18,18
2018,6,19,19
2018,6,20,20
2018,6,21,21
2018,6,22,22
2018,6,23,23
2018,6,24,24
2018,6,25,25
2018,6,26,26
2018,6,27,27
2018,6,28,28
2018,6,29,29
2018,6,30,30
2018,7,1,1
2018,7,2,2
2018,7,3,3
2018,7,4,4
2018,7,5,5
2018,7,6,6
2018,7,7,7
2018,7,8,8
2018,7,9,9
2018,7,10,10
2018,7,11,11
2018,7,12,12
2018,7,13,13
2018,7,14,14
2018,7,15,15
2018,7,16,16
2018,7,17,17
2018,7,18,18
2018,7,19,19
2018,7,20,20
2018,7,21,21
2018,7,22,22
2018,7,23,23
2018,7,24,24
2018,7,25,25
2018,7,26,26
2018,7,27,27
2018,7,28,28
2018,7,29,29
2018,7,30,30
2018,7,31,31
2018,8,1,1
2018,8,2,2
2018,8,3,3
2018,8,4,4
2018,8,5,5
2018,8,6,6
2018,8,7,7
2018,8,8,8
2018,8,9,9
2018,8,10,10
2018,8,11,11
2018,8,12,12
2018,8,13,13
2018,8,14,14
2018,8,15,15
2018,8,16,16
2018,8,17,17
2018,8,18,18
2018,8,19,19
2018,8,20,20
2018,8,21,21
2018,8,22,22
2018,8,23,23
2018,8,24,24
2018,8,25,25
2018,8,26,26
2018,8,27,27
2018,8,28,28
2018,8,29,29
2018,8,30,30
2018,8,31,31
2018,9,1,1
2018,9,2,2
2018,9,3,3
2018,9,4,4
2018,9,5,5
2018,9,6,6
2018,9,7,7
2018,9,8,8
2018,9,9,9
2018,9,10,10
2018,9,11,11
2018,9,12,12
2018,9,13,13
2018,9,14,14
2018,9,15,15
2018,9,16,16
2018,9,17,17
2018,9,18,18
2018,9,19,19
2018,9,20,20
2018,9,21,21
2018,9,22,22
2018,9,23,23
2018,9,24,24
2018,9,25,25
2018,9,26,26
2018,9,27,27
2018,9,28,28
2018,9,29,29
2018,9,30,30
2018,10,1,1
2018,10,2,2
2018,10,3,3
2018,10,4,4
2018,10,5,5
2018,10,6,6
2018,10,7,7
2018,10,8,8
2018,10,9,9
2018,10,10,10
2018,10,11,11
2018,10,12,12
2018,10,13,13
2018,10,14,14
2018,10,15,15
2018,10,16,16
2018,10,17,17
2018,10,18,18
2018,10,19,19
2018,10,20,20
2018,10,21,21
2018,10,22,22
2018,10,23,23
2018,10,24,24
2018,10,25,25
2018,10,26,26
2018,10,27,27
2018,10,28,28
2018,10,29,29
2018,10,30,30
2018,10,31,31
2018,11,1,1
2018,11,2,2
2018,11,3,3
2018,11,4,4
2018,11,5,5
2018,11,6,6
2018,11,7,7
2018,11,8,8
2018,11,9,9
2018,11,10,10
2018,11,11,11
2018,11,12,12
2018,11,13,13
2018,11,14,14
2018,11,15,15
2018,11,16,16
2018,11,17,17
2018,11,18,18
2018,11,19,19
2018,11,20,20
2018,11,21,21
2018,11,22,22
2018,11,23,23
2018,11,24,24
2018,11,25,25
2018,11,26,26
2018,11,27,27
2018,11,28,28
2018,11,29,29
2018,11,30,30
2018,12,1,1
2018,12,2,2
2018,12,3,3
2018,12,4,4
2018,12,5,5
2018,12,6,6
2018,12,7,7
2018,12,8,8
2018,12,9,9
2018,12,10,10
2018,12,11,11
2018,12,12,12
2018,12,13,13
2018,12,14,14
2018,12,15,15
2018,12,16,16
2018,12,17,17
2018,12,18,18
2018,12,19,19
2018,12,20,20
2018,12,21,21
2018,12,22,22
2018,12,23,23
2018,12,24,24
2018,12,25,25
2018,12,26,26
2018,12,27,27
2018,12,28,28
2018,12,29,29
2018,12,30,30
2018,12,31,31
2019,1,1,1
2019,1,2,2
2019,1,3,3
2019,1,4,4
2019,1,5,5
2019,1,6,6
2019,1,7,7
2019,1,8,8
2019,1,9,9
2019,1,10,10
2019,1,11,11
2019,1,12,12
2019,1,13,13
2019,1,14,14
2019,1,15,15
2019,1,16,16
2019,1,17,17
2019,1,18,18
2019,1,19,19
2019,1,20,20
2019,1,21,21
2019,1,22,22
2019,1,23,23
2019,1,24,24
2019,1,25,25
2019,1,26,26
2019,1,27,27
2019,1,28,28
2019,1,29,29
2019,1,30,30
2019,1,31,31
2019,2,1,1
2019,2,2,2
2019,2,3,3
2019,2,4,4
2019,2,5,5
2019,2,6,6
2019,2,7,7
2019,2,8,8
2019,2,9,9
2019,2,10,10
2019,2,11,11
2019,2,12,12
2019,2,13,13
2019,2,14,14
2019,2,15,15
2019,2,16,16
2019,2,17,17
2019,2,18,18
2019,2,19,19
2019,2,20,20
2019,2,21,21
2019,2,22,22
2019,2,23,23
2019,2,24,24
2019,2,25,25
2019,2,26,26
2019,2,27,27
2019,2,28,28
2019,3,1,1
2019,3,2,2
2019,3,3,3
2019,3,4,4
2019,3,5,5
2019,3,6,6
2019,3,7,7
2019,3,8,8
2019,3,9,9
2019,3,10,10
2019,3,11,11
2019,3,12,12
2019,3,13,13
2019,3,14,14
2019,3,15,15
2019,3,16,16
2019,3,17,17
2019,3,18,18
2019,3,19,19
2019,3,20,20
2019,3,21,21
2019,3,22,22
2019,3,23,23
2019,3,24,24
2019,3,25,25
2019,3,26,26
2019,3,27,27
2019,3,28,28
2019,3,29,29
2019,3,30,30
2019,3,31,31
2019,4,1,1
2019,4,2,2
2019,4,3,3
2019,4,4,4
2019,4,5,5
2019,4,6,6
2019,4,7,7
2019,4,8,8
2019,4,9,9
2019,4,10,10
2019,4,11,11
2019,4,12,12
2019,4,13,13
2019,4,14,14
2019,4,15,15
2019,4,16,16
2019,4,17,17
2019,4,18,18
2019,4,19,19
2019,4,20,20
2019,4,21,21
2019,4,22,22
2019,4,23,23
2019,4,24,24
2019,4,25,25
2019,4,26,26
2019,4,27,27
2019,4,28,28
2019,4,29,29
2019,4,30,30
2019,5,1,1
2019,5,2,2
2019,5,3,3
2019,5,4,4
2019,5,5,5
2019,5,6,6
2019,5,7,7
2019,5,8,8
2019,5,9,9
2019,5,10,10
2019,5,11,11
2019,5,12,12
2019,5,13,13
2019,5,14,14
2019,5,15,15
2019,5,16,16
2019,5,17,17
2019,5,18,18
2019,5,19,19
2019,5,20,20
2019,5,21,21
2019,5,22,22
2019,5,23,23
2019,5,24,24
2019,5,25,25
2019,5,26,26
2019,5,27,27
2019,5,28,28
2019,5,29,29
2019,5,30,30
2019,5,31,31
2019,6,1,1
2019,6,2,2
2019,6,3,3
2019,6,4,4
2019,6,5,5
2019,6,6,6
2019,6,7,7
2019,6,8,8
2019,6,9,9
2019,6,10,10
2019,6,11,11
2019,6,12,12
2019,6,13,13
2019,6,14,14
2019,6,15,15
2019,6,16,16
2019,6,17,17
2019,6,18,18
2019,6,19,19
2019,6,20,20
2019,6,21,21
2019,6,22,22
2019,6,23,23
2019,6,24,24
2019,6,25,25
2019,6,26,26
2019,6,27,27
2019,6,28,28
2019,6,29,29
2019,6,30,30
2019,7,1,1
2019,7,2,2
2019,7,3,3
2019,7,4,4
2019,7,5,5
2019,7,6,6
2019,7,7,7
2019,7,8,8
2019,7,9,9
2019,7,10,10
2019,7,11,11
2019,7,12,12
2019,7,13,13
2019,7,14,14
2019,7,15,15
2019,7,16,16
2019,7,17,17
2019,7,18,18
2019,7,19,19
2019,7,20,20
2019,7,21,21
2019,7,22,22
2019,7,23,23
2019,7,24,24
2019,7,25,25
2019,7,26,26
2019,7,27,27
2019,7,28,28
2019,7,29,29
2019,7,30,30
2019,7,31,31
2019,8,1,1
2019,8,2,2
2019,8,3,3
2019,8,4,4
2019,8,5,5
2019,8,6,6
2019,8,7,7
2019,8,8,8
2019,8,9,9
2019,8,10,10
2019,8,11,11
2019,8,12,12
2019,8,13,13
2019,8,14,14
2019,8,15,15
2019,8,16,16
2019,8,17,17
2019,8,18,18
2019,8,19,19
2019,8,20,20
2019,8,21,21
2019,8,22,22
2019,8,23,23
2019,8,24,24
2019,8,25,25
2019,8,26,26
2019,8,27,27
2019,8,28,28
2019,8,29,29
2019,8,30,30
2019,8,31,31
2019,9,1,1
2019,9,2,2
2019,9,3,3
2019,9,4,4
2019,9,5,5
2019,9,6,6
2019,9,7,7
2019,9,8,8
2019,9,9,9
2019,9,10,10
2019,9,11,11
2019,9,12,12
2019,9,13,13
2019,9,14,14
2019,9,15,15
2019,9,16,16
2019,9,17,17
2019,9,18,18
2019,9,19,19
2019,9,20,20
2019,9,21,21
2019,9,22,22
2019,9,23,23
2019,9,24,24
2019,9,25,25
2019,9,26,26
2019,9,27,27
2019,9,28,28
2019,9,29,29
2019,9,30,30
2019,10,1,1
2019,10,2,2
2019,10,3,3
2019,10,4,4
2019,10,5,5
2019,10,6,6
2019,10,7,7
2019,10,8,8
2019,10,9,9
2019,10,10,10
2019,10,11,11
2019,10,12,12
2019,10,13,13
2019,10,14,14
2019,10,15,15
2019,10,16,16
2019,10,17,17
2019,10,18,18
2019,10,19,19
2019,10,20,20
2019,10,21,21
2019,10,22,22
2019,10,23,23
2019,10,24,24
2019,10,25,25
2019,10,26,26
2019,10,27,27
2019,10,28,28
2019,10,29,29
2019,10,30,30
2019,10,31,31
2019,11,1,1
2019,11,2,2
2019,11,3,3
2019,11,4,4
2019,11,5,5
2019,11,6,6
2019,11,7,7
2019,11,8,8
2019,11,9,9
2019,11,10,10
2019,11,11,11
2019,11,12,12
2019,11,13,13
2019,11,14,14
2019,11,15,15
2019,11,16,16
2019,11,17,17
2019,11,18,18
2019,11,19,19
2019,11,20,20
2019,11,21,21
2019,11,22,22
2019,11,23,23
2019,11,24,24
2019,11,25,25
2019,11,26,26
2019,11,27,27
2019,11,28,28
2019,11,29,29
2019,11,30,30
2019,12,1,1
2019,12,2,2
2019,12,3,3
2019,12,4,4
2019,12,5,5
2019,12,6,6
2019,12,7,7
2019,12,8,8
2019,12,9,9
2019,12,10,10
2019,12,11,11
2019,12,12,12
2019,12,13,13
2019,12,14,14
2019,12,15,15
2019,12,16,16
2019,12,17,17
2019,12,18,18
2019,12,19,19
2019,12,20,20
2019,12,21,21
2019,12,22,22
2019,12,23,23
2019,12,24,24
2019,12,25,25
2019,12,26,26
2019,12,27,27
2019,12,28,28
2019,12,29,29
2019,12,30,30
2019,12,31,31
2020,1,1,1
2020,1,2,2
2020,1,3,3
2020,1,4,4
2020,1,5,5
2020,1,6,6
2020,1,7,7
2020,1,8,8
2020,1,9,9
2020,1,10,10
2020,1,11,11
2020,1,12,12
2020,1,13,13
2020,1,14,14
2020,1,15,15
2020,1,16,16
2020,1,17,17
2020,1,18,18
2020,1,19,19
2020,1,20,20
2020,1,21,21
2020,1,22,22
2020,1,23,23
2020,1,24,24
2020,1,25,25
2020,1,26,26
2020,1,27,27
2020,1,28,28
2020,1,29,29
2020,1,30,30
2020,1,31,31
2020,2,1,1
2020,2,2,2
2020,2,3,3
2020,2,4,4
2020,2,5,5
2020,2,6,6
2020,2,7,7
2020,2,8,8
2020,2,9,9
2020,2,10,10
2020,2,11,11
2020,2,12,12
2020,2,13,13
2020,2,14,14
2020,2,15,15
2020,2,16,16
2020,2,17,17
2020,2,18,18
2020,2,19,19
2020,2,20,20
2020,2,21,21
2020,2,22,22
2020,2,23,23
2020,2,24,24
2020,2,25,25
2020,2,26,26
2020,2,27,27
2020,2,28,28
2020,2,29,29
2020,3,1,1
2020,3,2,2
2020,3,3,3
2020,3,4,4
2020,3,5,5
2020,3,6,6
2020,3,7,7
2020,3,8,8
2020,3,9,9
2020,3,10,10
2020,3,11,11
2020,3,12,12
2020,3,13,13
2020,3,14,14
2020,3,15,15
2020,3,16,16
2020,3,17,17
2020,3,18,18
2020,3,19,19
2020,3,20,20
2020,3,21,21
2020,3,22,22
2020,3,23,23
2020,3,24,24
2020,3,25,25
2020,3,26,26
2020,3,27,27
2020,3,28,28
2020,3,29,29
2020,3,30,30
2020,3,31,31
2020,4,1,1
2020,4,2,2
2020,4,3,3
2020,4,4,4
2020,4,5,5
2020,4,6,6
2020,4,7,7
2020,4,8,8
2020,4,9,9
2020,4,10,10
2020,4,11,11
2020,4,12,12
2020,4,13,13
2020,4,14,14
2020,4,15,15
2020,4,16,16
2020,4,17,17
2020,4,18,18
2020,4,19,19
2020,4,20,20
2020,4,21,21
2020,4,22,22
2020,4,23,23
2020,4,24,24
2020,4,25,25
2020,4,26,26
2020,4,27,27
2020,4,28,28
2020,4,29,29
2020,4,30,30
